[gd_scene load_steps=19 format=3 uid="uid://1mtegvdbqcps"]

[ext_resource type="Script" path="res://source/australian.gd" id="2_0uaxg"]
[ext_resource type="Material" uid="uid://pjy8hkjjd8o5" path="res://data/material_overrides/human_override.tres" id="2_ltxw4"]
[ext_resource type="ArrayMesh" uid="uid://bsdpxbr8oq3cg" path="res://data/meshes/human_human.res" id="3_yb326"]
[ext_resource type="Material" uid="uid://bxjrpsq56kljc" path="res://data/material_overrides/ak_test.tres" id="4_41drw"]
[ext_resource type="Texture2D" uid="uid://j0st2dmuvqhy" path="res://data/import/AKTexture.png" id="5_selub"]

[sub_resource type="Skin" id="Skin_my1cn"]
resource_name = "Skin"
bind_count = 35
bind/0/name = &"DEF-spine"
bind/0/bone = -1
bind/0/pose = Transform3D(1, 0, 0, 0, 0.968339, 0.24964, 0, -0.249639, 0.968339, 0, -0.964145, 0.305563)
bind/1/name = &"DEF-spine.001"
bind/1/bone = -1
bind/1/pose = Transform3D(1, 0, 0, 0, 0.93151, -0.363716, 0, 0.363716, 0.93151, 0, -1.08429, -0.404907)
bind/2/name = &"DEF-spine.002"
bind/2/bone = -1
bind/2/pose = Transform3D(1, -7.35908e-08, -2.26777e-07, -7.10543e-15, 0.951172, -0.308662, 2.38419e-07, 0.308662, 0.951172, 7.92381e-08, -1.25142, -0.332349)
bind/3/name = &"DEF-spine.003"
bind/3/bone = -1
bind/3/pose = Transform3D(1, -2.67599e-08, -2.36912e-07, 1.77636e-15, 0.993681, -0.112239, 2.38419e-07, 0.112239, 0.993681, 9.31873e-09, -1.47061, -0.0390856)
bind/4/name = &"DEF-spine.004"
bind/4/bone = -1
bind/4/pose = Transform3D(1, 8.79248e-08, -2.21614e-07, 7.10543e-15, 0.929515, 0.368784, 2.38419e-07, -0.368784, 0.929515, -1.78588e-07, -1.48676, 0.749052)
bind/5/name = &"DEF-spine.005"
bind/5/bone = -1
bind/5/pose = Transform3D(1, 1.06069e-14, -5.5845e-14, 1.94917e-15, 0.982436, 0.186599, 8.64193e-14, -0.186599, 0.982436, -2.53593e-14, -1.66644, 0.442289)
bind/6/name = &"DEF-spine.006"
bind/6/bone = -1
bind/6/pose = Transform3D(1, -5.04871e-29, 3.38813e-21, -3.6039e-15, 1, 2.23517e-07, 2.94201e-14, -1.49012e-08, 1, -2.18126e-16, -1.7813, 0.111864)
bind/7/name = &"DEF-pelvis.L"
bind/7/bone = -1
bind/7/pose = Transform3D(-0.421772, -0.276837, 0.863405, 0.536322, 0.691624, 0.483751, -0.731072, 0.667096, -0.143234, 0.327238, -0.671768, -0.681606)
bind/8/name = &"DEF-pelvis.R"
bind/8/bone = -1
bind/8/pose = Transform3D(-0.421772, 0.276837, -0.863405, -0.536322, 0.691624, 0.483751, 0.731072, 0.667096, -0.143234, -0.327238, -0.671768, -0.681606)
bind/9/name = &"DEF-thigh.L"
bind/9/bone = -1
bind/9/pose = Transform3D(0.584597, -0.0272227, -0.810867, 0.0631977, -0.994872, 0.0789625, -0.808859, -0.0974063, -0.579879, -0.0381625, 1.06129, 0.176497)
bind/10/name = &"DEF-thigh.L.001"
bind/10/bone = -1
bind/10/pose = Transform3D(0.584597, -0.0272226, -0.810867, 0.0631977, -0.994872, 0.0789625, -0.808859, -0.0974063, -0.579879, -0.0381626, 0.801673, 0.176497)
bind/11/name = &"DEF-shin.L"
bind/11/bone = -1
bind/11/pose = Transform3D(0.584597, -0.0272227, -0.810867, -0.0140925, -0.999627, 0.0233996, -0.811202, -0.00225227, -0.584762, -0.0381625, 0.556397, 0.124092)
bind/12/name = &"DEF-shin.L.001"
bind/12/bone = -1
bind/12/pose = Transform3D(0.584597, -0.0272227, -0.810867, -0.0140924, -0.999627, 0.0233996, -0.811202, -0.00225239, -0.584762, -0.0381626, 0.321194, 0.124092)
bind/13/name = &"DEF-foot.L"
bind/13/bone = -1
bind/13/pose = Transform3D(0.997987, 3.01152e-05, -0.0634255, 0.0575016, -0.422413, 0.904578, -0.0267645, -0.906403, -0.421565, -0.121426, -0.00697917, 0.0972464)
bind/14/name = &"DEF-toe.L"
bind/14/bone = -1
bind/14/pose = Transform3D(-0.991232, 5.52603e-08, 0.132136, 0.132135, 2.03095e-07, 0.991231, 8.4685e-08, 1, -4.13548e-08, 0.107723, -0.202304, -0.0167)
bind/15/name = &"DEF-thigh.R"
bind/15/bone = -1
bind/15/pose = Transform3D(0.584597, 0.0272227, 0.810867, -0.0631977, -0.994872, 0.0789625, 0.808859, -0.0974063, -0.579879, 0.0381625, 1.06129, 0.176497)
bind/16/name = &"DEF-thigh.R.001"
bind/16/bone = -1
bind/16/pose = Transform3D(0.584597, 0.0272226, 0.810867, -0.0631977, -0.994872, 0.0789625, 0.808859, -0.0974063, -0.579879, 0.0381626, 0.801673, 0.176497)
bind/17/name = &"DEF-shin.R"
bind/17/bone = -1
bind/17/pose = Transform3D(0.584597, 0.0272227, 0.810867, 0.0140925, -0.999627, 0.0233996, 0.811202, -0.00225227, -0.584762, 0.0381625, 0.556397, 0.124092)
bind/18/name = &"DEF-shin.R.001"
bind/18/bone = -1
bind/18/pose = Transform3D(0.584597, 0.0272227, 0.810867, 0.0140924, -0.999627, 0.0233996, 0.811202, -0.00225239, -0.584762, 0.0381626, 0.321194, 0.124092)
bind/19/name = &"DEF-foot.R"
bind/19/bone = -1
bind/19/pose = Transform3D(0.997987, -3.01152e-05, 0.0634255, -0.0575016, -0.422413, 0.904578, 0.0267645, -0.906403, -0.421565, 0.121426, -0.00697917, 0.0972464)
bind/20/name = &"DEF-toe.R"
bind/20/bone = -1
bind/20/pose = Transform3D(-0.991232, -5.52603e-08, -0.132136, -0.132135, 2.03095e-07, 0.991231, -8.4685e-08, 1, -4.13548e-08, -0.107723, -0.202304, -0.0167)
bind/21/name = &"DEF-shoulder.L"
bind/21/bone = -1
bind/21/pose = Transform3D(0.507095, -7.37348e-05, 0.86189, 0.86189, -0.000570463, -0.507095, 0.000529141, 1, -0.000225685, -0.0278225, -0.0038777, -1.6051)
bind/22/name = &"DEF-upper_arm.L"
bind/22/bone = -1
bind/22/pose = Transform3D(-0.0232066, -0.931658, 0.362594, 0.998446, -0.0399792, -0.0388216, 0.0506648, 0.36113, 0.931138, 1.50747, -0.134497, -0.51375)
bind/23/name = &"DEF-upper_arm.L.001"
bind/23/bone = -1
bind/23/pose = Transform3D(-0.0232066, -0.931658, 0.362594, 0.998446, -0.0399792, -0.0388216, 0.0506647, 0.36113, 0.931138, 1.50747, -0.328348, -0.51375)
bind/24/name = &"DEF-forearm.L"
bind/24/bone = -1
bind/24/pose = Transform3D(-0.0232058, -0.931658, 0.362593, 0.988301, 0.0333094, 0.148837, -0.150743, 0.361805, 0.919986, 1.50747, -0.61468, -0.398497)
bind/25/name = &"DEF-forearm.L.001"
bind/25/bone = -1
bind/25/pose = Transform3D(-0.0232068, -0.931658, 0.362594, 0.988301, 0.0333085, 0.148837, -0.150742, 0.361806, 0.919985, 1.50747, -0.746703, -0.3985)
bind/26/name = &"DEF-hand.L"
bind/26/bone = -1
bind/26/pose = Transform3D(-0.0304684, -0.931543, 0.362354, 0.999224, -0.0193392, 0.0343018, -0.0249458, 0.363118, 0.931409, 1.5134, -0.810502, -0.506098)
bind/27/name = &"DEF-shoulder.R"
bind/27/bone = -1
bind/27/pose = Transform3D(0.507095, 7.37348e-05, -0.86189, -0.86189, -0.000570422, -0.507095, -0.000529098, 1, -0.000225758, 0.0278225, -0.00387776, -1.6051)
bind/28/name = &"DEF-upper_arm.R"
bind/28/bone = -1
bind/28/pose = Transform3D(-0.0232066, 0.931658, -0.362594, -0.998446, -0.0399792, -0.0388218, -0.0506648, 0.36113, 0.931138, -1.50747, -0.134497, -0.51375)
bind/29/name = &"DEF-upper_arm.R.001"
bind/29/bone = -1
bind/29/pose = Transform3D(-0.0232066, 0.931658, -0.362594, -0.998446, -0.0399793, -0.0388216, -0.0506646, 0.36113, 0.931138, -1.50747, -0.328348, -0.51375)
bind/30/name = &"DEF-forearm.R"
bind/30/bone = -1
bind/30/pose = Transform3D(-0.0232059, 0.931658, -0.362594, -0.988301, 0.0333094, 0.148837, 0.150743, 0.361805, 0.919986, -1.50747, -0.61468, -0.398497)
bind/31/name = &"DEF-forearm.R.001"
bind/31/bone = -1
bind/31/pose = Transform3D(-0.0232068, 0.931658, -0.362594, -0.988301, 0.0333085, 0.148837, 0.150742, 0.361806, 0.919985, -1.50747, -0.746703, -0.398499)
bind/32/name = &"DEF-hand.R"
bind/32/bone = -1
bind/32/pose = Transform3D(-0.0304683, 0.931543, -0.362354, -0.999224, -0.0193393, 0.0343013, 0.0249456, 0.363118, 0.931409, -1.5134, -0.810502, -0.506098)
bind/33/name = &"DEF-breast.L"
bind/33/bone = -1
bind/33/pose = Transform3D(-1, 1.41819e-23, 1.35962e-16, 1.47251e-14, 1.04308e-07, 1, 1.42109e-14, 1, -1.93213e-30, 0.1184, 0.0250315, -1.4596)
bind/34/name = &"DEF-breast.R"
bind/34/bone = -1
bind/34/pose = Transform3D(-1, 1.41819e-23, 1.35962e-16, 1.47251e-14, 1.04308e-07, 1, 1.42109e-14, 1, -1.93213e-30, -0.1184, 0.0250315, -1.4596)

[sub_resource type="Animation" id="Animation_imqna"]
resource_name = "Key_001Action"
length = 0.001
tracks/0/type = "blend_shape"
tracks/0/imported = true
tracks/0/enabled = true
tracks/0/path = NodePath("HumanArmature/Skeleton3D/HumanBaseMesh:hand_closed")
tracks/0/interp = 1
tracks/0/loop_wrap = true
tracks/0/keys = PackedFloat32Array(0, 1, 0)
tracks/1/type = "blend_shape"
tracks/1/imported = true
tracks/1/enabled = true
tracks/1/path = NodePath("HumanArmature/Skeleton3D/HumanBaseMesh:hand_semi_closed")
tracks/1/interp = 1
tracks/1/loop_wrap = true
tracks/1/keys = PackedFloat32Array(0, 1, 1)
tracks/2/type = "blend_shape"
tracks/2/imported = true
tracks/2/enabled = true
tracks/2/path = NodePath("HumanArmature/Skeleton3D/HumanBaseMesh:correct_shoulder_down")
tracks/2/interp = 1
tracks/2/loop_wrap = true
tracks/2/keys = PackedFloat32Array(0, 1, 0)
tracks/3/type = "blend_shape"
tracks/3/imported = true
tracks/3/enabled = true
tracks/3/path = NodePath("HumanArmature/Skeleton3D/HumanBaseMesh:angry")
tracks/3/interp = 1
tracks/3/loop_wrap = true
tracks/3/keys = PackedFloat32Array(0, 1, 0)
tracks/4/type = "position_3d"
tracks/4/imported = true
tracks/4/enabled = true
tracks/4/path = NodePath("HumanArmature/Skeleton3D:DEF-spine")
tracks/4/interp = 1
tracks/4/loop_wrap = true
tracks/4/keys = PackedFloat32Array(0, 1, 0, 1.0099, -0.0551999)
tracks/5/type = "rotation_3d"
tracks/5/imported = true
tracks/5/enabled = true
tracks/5/path = NodePath("HumanArmature/Skeleton3D:DEF-spine")
tracks/5/interp = 1
tracks/5/loop_wrap = true
tracks/5/keys = PackedFloat32Array(0, 1, 0.12582, 0, 0, 0.992053)
tracks/6/type = "position_3d"
tracks/6/imported = true
tracks/6/enabled = true
tracks/6/path = NodePath("HumanArmature/Skeleton3D:DEF-pelvis.L")
tracks/6/interp = 1
tracks/6/loop_wrap = true
tracks/6/keys = PackedFloat32Array(0, 1, 1.44124e-08, 1.0099, -0.0552)
tracks/7/type = "rotation_3d"
tracks/7/imported = true
tracks/7/enabled = true
tracks/7/path = NodePath("HumanArmature/Skeleton3D:DEF-pelvis.L")
tracks/7/interp = 1
tracks/7/loop_wrap = true
tracks/7/keys = PackedFloat32Array(0, 1, -0.0863676, -0.751104, -0.383052, 0.530711)
tracks/8/type = "position_3d"
tracks/8/imported = true
tracks/8/enabled = true
tracks/8/path = NodePath("HumanArmature/Skeleton3D:DEF-pelvis.R")
tracks/8/interp = 1
tracks/8/loop_wrap = true
tracks/8/keys = PackedFloat32Array(0, 1, -1.44124e-08, 1.0099, -0.0552)
tracks/9/type = "rotation_3d"
tracks/9/imported = true
tracks/9/enabled = true
tracks/9/path = NodePath("HumanArmature/Skeleton3D:DEF-pelvis.R")
tracks/9/interp = 1
tracks/9/loop_wrap = true
tracks/9/keys = PackedFloat32Array(0, 1, -0.0863676, 0.751104, 0.383052, 0.530711)
tracks/10/type = "position_3d"
tracks/10/imported = true
tracks/10/enabled = true
tracks/10/path = NodePath("HumanArmature/Skeleton3D:DEF-thigh.L")
tracks/10/interp = 1
tracks/10/loop_wrap = true
tracks/10/keys = PackedFloat32Array(0, 1, 0.098, 1.072, -0.0124)
tracks/11/type = "rotation_3d"
tracks/11/imported = true
tracks/11/enabled = true
tracks/11/path = NodePath("HumanArmature/Skeleton3D:DEF-thigh.L")
tracks/11/interp = 1
tracks/11/loop_wrap = true
tracks/11/keys = PackedFloat32Array(0, 1, 0.888728, 0.0101198, -0.455631, 0.0496128)
tracks/12/type = "scale_3d"
tracks/12/imported = true
tracks/12/enabled = true
tracks/12/path = NodePath("HumanArmature/Skeleton3D:DEF-thigh.L")
tracks/12/interp = 1
tracks/12/loop_wrap = true
tracks/12/keys = PackedFloat32Array(0, 1, 1, 1, 1)
tracks/13/type = "position_3d"
tracks/13/imported = true
tracks/13/enabled = true
tracks/13/path = NodePath("HumanArmature/Skeleton3D:DEF-thigh.R")
tracks/13/interp = 1
tracks/13/loop_wrap = true
tracks/13/keys = PackedFloat32Array(0, 1, -0.098, 1.072, -0.0124)
tracks/14/type = "rotation_3d"
tracks/14/imported = true
tracks/14/enabled = true
tracks/14/path = NodePath("HumanArmature/Skeleton3D:DEF-thigh.R")
tracks/14/interp = 1
tracks/14/loop_wrap = true
tracks/14/keys = PackedFloat32Array(0, 1, 0.888728, -0.0101198, 0.455631, 0.0496128)
tracks/15/type = "scale_3d"
tracks/15/imported = true
tracks/15/enabled = true
tracks/15/path = NodePath("HumanArmature/Skeleton3D:DEF-thigh.R")
tracks/15/interp = 1
tracks/15/loop_wrap = true
tracks/15/keys = PackedFloat32Array(0, 1, 1, 1, 1)
tracks/16/type = "position_3d"
tracks/16/imported = true
tracks/16/enabled = true
tracks/16/path = NodePath("HumanArmature/Skeleton3D:DEF-shoulder.L")
tracks/16/interp = 1
tracks/16/loop_wrap = true
tracks/16/keys = PackedFloat32Array(0, 1, 0.0183, 1.6051, 0.0216512)
tracks/17/type = "rotation_3d"
tracks/17/imported = true
tracks/17/enabled = true
tracks/17/path = NodePath("HumanArmature/Skeleton3D:DEF-shoulder.L")
tracks/17/interp = 1
tracks/17/loop_wrap = true
tracks/17/keys = PackedFloat32Array(0, 1, -0.613981, -0.350913, -0.351159, 0.613657)
tracks/18/type = "position_3d"
tracks/18/imported = true
tracks/18/enabled = true
tracks/18/path = NodePath("HumanArmature/Skeleton3D:DEF-upper_arm.L")
tracks/18/interp = 1
tracks/18/loop_wrap = true
tracks/18/keys = PackedFloat32Array(0, 1, 0.1953, 1.5846, -0.0734488)
tracks/19/type = "rotation_3d"
tracks/19/imported = true
tracks/19/enabled = true
tracks/19/path = NodePath("HumanArmature/Skeleton3D:DEF-upper_arm.L")
tracks/19/interp = 1
tracks/19/loop_wrap = true
tracks/19/keys = PackedFloat32Array(0, 1, -0.146317, -0.114115, -0.706103, 0.683365)
tracks/20/type = "scale_3d"
tracks/20/imported = true
tracks/20/enabled = true
tracks/20/path = NodePath("HumanArmature/Skeleton3D:DEF-upper_arm.L")
tracks/20/interp = 1
tracks/20/loop_wrap = true
tracks/20/keys = PackedFloat32Array(0, 1, 1, 1, 1)
tracks/21/type = "position_3d"
tracks/21/imported = true
tracks/21/enabled = true
tracks/21/path = NodePath("HumanArmature/Skeleton3D:DEF-shoulder.R")
tracks/21/interp = 1
tracks/21/loop_wrap = true
tracks/21/keys = PackedFloat32Array(0, 1, -0.0183, 1.6051, 0.0216512)
tracks/22/type = "rotation_3d"
tracks/22/imported = true
tracks/22/enabled = true
tracks/22/path = NodePath("HumanArmature/Skeleton3D:DEF-shoulder.R")
tracks/22/interp = 1
tracks/22/loop_wrap = true
tracks/22/keys = PackedFloat32Array(0, 1, -0.613981, 0.350913, 0.351159, 0.613657)
tracks/23/type = "position_3d"
tracks/23/imported = true
tracks/23/enabled = true
tracks/23/path = NodePath("HumanArmature/Skeleton3D:DEF-upper_arm.R")
tracks/23/interp = 1
tracks/23/loop_wrap = true
tracks/23/keys = PackedFloat32Array(0, 1, -0.1953, 1.5846, -0.0734487)
tracks/24/type = "rotation_3d"
tracks/24/imported = true
tracks/24/enabled = true
tracks/24/path = NodePath("HumanArmature/Skeleton3D:DEF-upper_arm.R")
tracks/24/interp = 1
tracks/24/loop_wrap = true
tracks/24/keys = PackedFloat32Array(0, 1, -0.146317, 0.114115, 0.706103, 0.683365)
tracks/25/type = "scale_3d"
tracks/25/imported = true
tracks/25/enabled = true
tracks/25/path = NodePath("HumanArmature/Skeleton3D:DEF-upper_arm.R")
tracks/25/interp = 1
tracks/25/loop_wrap = true
tracks/25/keys = PackedFloat32Array(0, 1, 1, 1, 1)
tracks/26/type = "position_3d"
tracks/26/imported = true
tracks/26/enabled = true
tracks/26/path = NodePath("HumanArmature/Skeleton3D:DEF-breast.L")
tracks/26/interp = 1
tracks/26/loop_wrap = true
tracks/26/keys = PackedFloat32Array(0, 1, 0.1184, 1.4596, -0.0250317)
tracks/27/type = "rotation_3d"
tracks/27/imported = true
tracks/27/enabled = true
tracks/27/path = NodePath("HumanArmature/Skeleton3D:DEF-breast.L")
tracks/27/interp = 1
tracks/27/loop_wrap = true
tracks/27/keys = PackedFloat32Array(0, 1, -5.07237e-15, -0.707107, -0.707107, 5.20612e-15)
tracks/28/type = "position_3d"
tracks/28/imported = true
tracks/28/enabled = true
tracks/28/path = NodePath("HumanArmature/Skeleton3D:DEF-breast.R")
tracks/28/interp = 1
tracks/28/loop_wrap = true
tracks/28/keys = PackedFloat32Array(0, 1, -0.1184, 1.4596, -0.0250317)
tracks/29/type = "rotation_3d"
tracks/29/imported = true
tracks/29/enabled = true
tracks/29/path = NodePath("HumanArmature/Skeleton3D:DEF-breast.R")
tracks/29/interp = 1
tracks/29/loop_wrap = true
tracks/29/keys = PackedFloat32Array(0, 1, -5.07237e-15, -0.707107, -0.707107, 5.20612e-15)
tracks/30/type = "rotation_3d"
tracks/30/imported = true
tracks/30/enabled = true
tracks/30/path = NodePath("HumanArmature/Skeleton3D:DEF-spine.002")
tracks/30/interp = 1
tracks/30/loop_wrap = true
tracks/30/keys = PackedFloat32Array(0, 1, 0.0292297, 1.19158e-07, 3.48446e-09, 0.999573)
tracks/31/type = "rotation_3d"
tracks/31/imported = true
tracks/31/enabled = true
tracks/31/path = NodePath("HumanArmature/Skeleton3D:DEF-spine.003")
tracks/31/interp = 1
tracks/31/loop_wrap = true
tracks/31/keys = PackedFloat32Array(0, 1, 0.100485, 4.12872e-15, 2.39575e-08, 0.994939)
tracks/32/type = "rotation_3d"
tracks/32/imported = true
tracks/32/enabled = true
tracks/32/path = NodePath("HumanArmature/Skeleton3D:DEF-spine.004")
tracks/32/interp = 1
tracks/32/loop_wrap = true
tracks/32/keys = PackedFloat32Array(0, 1, 0.242642, 3.66215e-15, 5.78503e-08, 0.970116)
tracks/33/type = "rotation_3d"
tracks/33/imported = true
tracks/33/enabled = true
tracks/33/path = NodePath("HumanArmature/Skeleton3D:DEF-spine.005")
tracks/33/interp = 1
tracks/33/loop_wrap = true
tracks/33/keys = PackedFloat32Array(0, 1, -0.0948574, -1.18672e-07, -1.13079e-08, 0.995491)
tracks/34/type = "rotation_3d"
tracks/34/imported = true
tracks/34/enabled = true
tracks/34/path = NodePath("HumanArmature/Skeleton3D:DEF-spine.006")
tracks/34/interp = 1
tracks/34/loop_wrap = true
tracks/34/keys = PackedFloat32Array(0, 1, -0.093712, -2.82966e-14, -2.66346e-15, 0.995599)
tracks/35/type = "rotation_3d"
tracks/35/imported = true
tracks/35/enabled = true
tracks/35/path = NodePath("HumanArmature/Skeleton3D:DEF-thigh.L.001")
tracks/35/interp = 1
tracks/35/loop_wrap = true
tracks/35/keys = PackedFloat32Array(0, 1, 6.51926e-09, 5.69271e-08, -3.67872e-08, 1)
tracks/36/type = "rotation_3d"
tracks/36/imported = true
tracks/36/enabled = true
tracks/36/path = NodePath("HumanArmature/Skeleton3D:DEF-shin.L")
tracks/36/interp = 1
tracks/36/loop_wrap = true
tracks/36/keys = PackedFloat32Array(0, 1, 0.047654, -3.25186e-08, 2.75053e-08, 0.998864)
tracks/37/type = "scale_3d"
tracks/37/imported = true
tracks/37/enabled = true
tracks/37/path = NodePath("HumanArmature/Skeleton3D:DEF-shin.L")
tracks/37/interp = 1
tracks/37/loop_wrap = true
tracks/37/keys = PackedFloat32Array(0, 1, 1, 1, 1)
tracks/38/type = "rotation_3d"
tracks/38/imported = true
tracks/38/enabled = true
tracks/38/path = NodePath("HumanArmature/Skeleton3D:DEF-shin.L.001")
tracks/38/interp = 1
tracks/38/loop_wrap = true
tracks/38/keys = PackedFloat32Array(0, 1, -5.54137e-08, 1.04228e-07, -2.02563e-08, 1)
tracks/39/type = "rotation_3d"
tracks/39/imported = true
tracks/39/enabled = true
tracks/39/path = NodePath("HumanArmature/Skeleton3D:DEF-foot.L")
tracks/39/interp = 1
tracks/39/loop_wrap = true
tracks/39/keys = PackedFloat32Array(0, 1, -0.480096, 0.36657, 0.219549, 0.766115)
tracks/40/type = "scale_3d"
tracks/40/imported = true
tracks/40/enabled = true
tracks/40/path = NodePath("HumanArmature/Skeleton3D:DEF-foot.L")
tracks/40/interp = 1
tracks/40/loop_wrap = true
tracks/40/keys = PackedFloat32Array(0, 1, 1, 1, 1)
tracks/41/type = "rotation_3d"
tracks/41/imported = true
tracks/41/enabled = true
tracks/41/path = NodePath("HumanArmature/Skeleton3D:DEF-toe.L")
tracks/41/interp = 1
tracks/41/loop_wrap = true
tracks/41/keys = PackedFloat32Array(0, 1, 0.0337, 0.975739, -0.2162, 0.00748255)
tracks/42/type = "scale_3d"
tracks/42/imported = true
tracks/42/enabled = true
tracks/42/path = NodePath("HumanArmature/Skeleton3D:DEF-toe.L")
tracks/42/interp = 1
tracks/42/loop_wrap = true
tracks/42/keys = PackedFloat32Array(0, 1, 1, 1, 1)
tracks/43/type = "rotation_3d"
tracks/43/imported = true
tracks/43/enabled = true
tracks/43/path = NodePath("HumanArmature/Skeleton3D:DEF-thigh.R.001")
tracks/43/interp = 1
tracks/43/loop_wrap = true
tracks/43/keys = PackedFloat32Array(0, 1, 6.51926e-09, -5.69271e-08, 3.67872e-08, 1)
tracks/44/type = "rotation_3d"
tracks/44/imported = true
tracks/44/enabled = true
tracks/44/path = NodePath("HumanArmature/Skeleton3D:DEF-shin.R")
tracks/44/interp = 1
tracks/44/loop_wrap = true
tracks/44/keys = PackedFloat32Array(0, 1, 0.047654, 3.25186e-08, -2.75053e-08, 0.998864)
tracks/45/type = "scale_3d"
tracks/45/imported = true
tracks/45/enabled = true
tracks/45/path = NodePath("HumanArmature/Skeleton3D:DEF-shin.R")
tracks/45/interp = 1
tracks/45/loop_wrap = true
tracks/45/keys = PackedFloat32Array(0, 1, 1, 1, 1)
tracks/46/type = "rotation_3d"
tracks/46/imported = true
tracks/46/enabled = true
tracks/46/path = NodePath("HumanArmature/Skeleton3D:DEF-shin.R.001")
tracks/46/interp = 1
tracks/46/loop_wrap = true
tracks/46/keys = PackedFloat32Array(0, 1, -5.54137e-08, -1.04228e-07, 2.02563e-08, 1)
tracks/47/type = "rotation_3d"
tracks/47/imported = true
tracks/47/enabled = true
tracks/47/path = NodePath("HumanArmature/Skeleton3D:DEF-foot.R")
tracks/47/interp = 1
tracks/47/loop_wrap = true
tracks/47/keys = PackedFloat32Array(0, 1, -0.480096, -0.36657, -0.219549, 0.766115)
tracks/48/type = "scale_3d"
tracks/48/imported = true
tracks/48/enabled = true
tracks/48/path = NodePath("HumanArmature/Skeleton3D:DEF-foot.R")
tracks/48/interp = 1
tracks/48/loop_wrap = true
tracks/48/keys = PackedFloat32Array(0, 1, 1, 1, 1)
tracks/49/type = "rotation_3d"
tracks/49/imported = true
tracks/49/enabled = true
tracks/49/path = NodePath("HumanArmature/Skeleton3D:DEF-toe.R")
tracks/49/interp = 1
tracks/49/loop_wrap = true
tracks/49/keys = PackedFloat32Array(0, 1, 0.0337, -0.975739, 0.2162, 0.00748255)
tracks/50/type = "scale_3d"
tracks/50/imported = true
tracks/50/enabled = true
tracks/50/path = NodePath("HumanArmature/Skeleton3D:DEF-toe.R")
tracks/50/interp = 1
tracks/50/loop_wrap = true
tracks/50/keys = PackedFloat32Array(0, 1, 1, 1, 1)
tracks/51/type = "rotation_3d"
tracks/51/imported = true
tracks/51/enabled = true
tracks/51/path = NodePath("HumanArmature/Skeleton3D:DEF-upper_arm.L.001")
tracks/51/interp = 1
tracks/51/loop_wrap = true
tracks/51/keys = PackedFloat32Array(0, 1, 2.07219e-08, -3.01225e-08, -3.0268e-09, 1)
tracks/52/type = "rotation_3d"
tracks/52/imported = true
tracks/52/enabled = true
tracks/52/path = NodePath("HumanArmature/Skeleton3D:DEF-forearm.L")
tracks/52/interp = 1
tracks/52/loop_wrap = true
tracks/52/keys = PackedFloat32Array(0, 1, 0.100859, 4.07494e-07, 3.75842e-07, 0.994901)
tracks/53/type = "scale_3d"
tracks/53/imported = true
tracks/53/enabled = true
tracks/53/path = NodePath("HumanArmature/Skeleton3D:DEF-forearm.L")
tracks/53/interp = 1
tracks/53/loop_wrap = true
tracks/53/keys = PackedFloat32Array(0, 1, 1, 1, 1)
tracks/54/type = "rotation_3d"
tracks/54/imported = true
tracks/54/enabled = true
tracks/54/path = NodePath("HumanArmature/Skeleton3D:DEF-forearm.L.001")
tracks/54/interp = 1
tracks/54/loop_wrap = true
tracks/54/keys = PackedFloat32Array(0, 1, -1.99536e-07, -6.02857e-07, -4.13042e-07, 1)
tracks/55/type = "rotation_3d"
tracks/55/imported = true
tracks/55/enabled = true
tracks/55/path = NodePath("HumanArmature/Skeleton3D:DEF-hand.L")
tracks/55/interp = 1
tracks/55/loop_wrap = true
tracks/55/keys = PackedFloat32Array(0, 1, -0.0631601, -0.000228839, -0.00362603, 0.997997)
tracks/56/type = "scale_3d"
tracks/56/imported = true
tracks/56/enabled = true
tracks/56/path = NodePath("HumanArmature/Skeleton3D:DEF-hand.L")
tracks/56/interp = 1
tracks/56/loop_wrap = true
tracks/56/keys = PackedFloat32Array(0, 1, 1, 1, 1)
tracks/57/type = "rotation_3d"
tracks/57/imported = true
tracks/57/enabled = true
tracks/57/path = NodePath("HumanArmature/Skeleton3D:DEF-upper_arm.R.001")
tracks/57/interp = 1
tracks/57/loop_wrap = true
tracks/57/keys = PackedFloat32Array(0, 1, 8.26549e-08, -7.27596e-10, 4.2608e-08, 1)
tracks/58/type = "rotation_3d"
tracks/58/imported = true
tracks/58/enabled = true
tracks/58/path = NodePath("HumanArmature/Skeleton3D:DEF-forearm.R")
tracks/58/interp = 1
tracks/58/loop_wrap = true
tracks/58/keys = PackedFloat32Array(0, 1, 0.100859, -3.35181e-07, -3.63439e-07, 0.994901)
tracks/59/type = "scale_3d"
tracks/59/imported = true
tracks/59/enabled = true
tracks/59/path = NodePath("HumanArmature/Skeleton3D:DEF-forearm.R")
tracks/59/interp = 1
tracks/59/loop_wrap = true
tracks/59/keys = PackedFloat32Array(0, 1, 1, 1, 1)
tracks/60/type = "rotation_3d"
tracks/60/imported = true
tracks/60/enabled = true
tracks/60/path = NodePath("HumanArmature/Skeleton3D:DEF-forearm.R.001")
tracks/60/interp = 1
tracks/60/loop_wrap = true
tracks/60/keys = PackedFloat32Array(0, 1, -2.76603e-07, 4.97967e-07, 3.88362e-07, 1)
tracks/61/type = "rotation_3d"
tracks/61/imported = true
tracks/61/enabled = true
tracks/61/path = NodePath("HumanArmature/Skeleton3D:DEF-hand.R")
tracks/61/interp = 1
tracks/61/loop_wrap = true
tracks/61/keys = PackedFloat32Array(0, 1, -0.0631602, 0.000228847, 0.00362599, 0.997997)
tracks/62/type = "scale_3d"
tracks/62/imported = true
tracks/62/enabled = true
tracks/62/path = NodePath("HumanArmature/Skeleton3D:DEF-hand.R")
tracks/62/interp = 1
tracks/62/loop_wrap = true
tracks/62/keys = PackedFloat32Array(0, 1, 1, 1, 1)
tracks/63/type = "rotation_3d"
tracks/63/imported = true
tracks/63/enabled = true
tracks/63/path = NodePath("HumanArmature/Skeleton3D:DEF-spine.001")
tracks/63/interp = 1
tracks/63/loop_wrap = true
tracks/63/keys = PackedFloat32Array(0, 1, -0.30723, 0, 0, 0.951635)

[sub_resource type="Animation" id="Animation_c1a4i"]
resource_name = "die"
length = 0.566667
tracks/0/type = "position_3d"
tracks/0/imported = true
tracks/0/enabled = true
tracks/0/path = NodePath("HumanArmature/Skeleton3D:DEF-spine")
tracks/0/interp = 1
tracks/0/loop_wrap = true
tracks/0/keys = PackedFloat32Array(0, 1, -0.00314564, 0.767984, 0.0819701, 0.0333333, 1, 0.0194669, 0.663935, 0.0693046, 0.0666667, 1, 0.0606035, 0.44294, 0.0395615, 0.1, 1, 0.0822961, 0.230675, 0.00782932, 0.133333, 1, 0.0804721, 0.111765, -0.00999915, 0.166667, 1, 0.0770845, 0.0679563, -0.0165675, 0.2, 1, 0.0752605, 0.0616979, -0.0175059, 0.233333, 1, 0.0750624, 0.0637137, -0.0154084, 0.266667, 1, 0.0745352, 0.0691287, -0.0104852, 0.333333, 1, 0.0729945, 0.0852762, -0.000291213, 0.366667, 1, 0.0723595, 0.0920421, 0.00247553, 0.4, 1, 0.0721022, 0.0947987, 0.00339074, 0.566667, 1, 0.0721022, 0.0947987, 0.00339074)
tracks/1/type = "rotation_3d"
tracks/1/imported = true
tracks/1/enabled = true
tracks/1/path = NodePath("HumanArmature/Skeleton3D:DEF-spine")
tracks/1/interp = 1
tracks/1/loop_wrap = true
tracks/1/keys = PackedFloat32Array(0, 1, -0.0809855, 0.0205392, 0.0235869, 0.996224, 0.0333333, 1, -0.155916, 0.00910174, 0.0266976, 0.987368, 0.0666667, 1, -0.293798, -0.0124623, 0.0321034, 0.955247, 0.1, 1, -0.364951, -0.0238715, 0.0347202, 0.930073, 0.2, 1, -0.364951, -0.0238715, 0.0347202, 0.930073, 0.233333, 1, -0.382692, -0.0247709, 0.0344117, 0.922903, 0.266667, 1, -0.426713, -0.0269939, 0.0335795, 0.90336, 0.333333, 1, -0.536962, -0.0325015, 0.0310376, 0.842409, 0.366667, 1, -0.576927, -0.0344741, 0.0299335, 0.815519, 0.4, 1, -0.592436, -0.0352357, 0.0294753, 0.804307, 0.566667, 1, -0.592436, -0.0352357, 0.0294753, 0.804307)
tracks/2/type = "rotation_3d"
tracks/2/imported = true
tracks/2/enabled = true
tracks/2/path = NodePath("HumanArmature/Skeleton3D:DEF-spine.002")
tracks/2/interp = 1
tracks/2/loop_wrap = true
tracks/2/keys = PackedFloat32Array(0, 1, 0.25784, -0.0132287, -0.0274878, 0.965706, 0.2, 1, 0.25784, -0.0132287, -0.0274877, 0.965706, 0.233333, 1, 0.237511, -0.013956, -0.0262908, 0.970929, 0.266667, 1, 0.184344, -0.0157208, -0.0232225, 0.982462, 0.3, 1, 0.111913, -0.0178361, -0.0191488, 0.993373, 0.333333, 1, 0.0388463, -0.0196672, -0.0151069, 0.998937, 0.366667, 1, -0.0156148, -0.0208492, -0.0121029, 0.999587, 0.4, 1, -0.0366293, -0.0212652, -0.0109398, 0.999043, 0.566667, 1, -0.0366293, -0.0212652, -0.0109398, 0.999043)
tracks/3/type = "rotation_3d"
tracks/3/imported = true
tracks/3/enabled = true
tracks/3/path = NodePath("HumanArmature/Skeleton3D:DEF-spine.003")
tracks/3/interp = 1
tracks/3/loop_wrap = true
tracks/3/keys = PackedFloat32Array(0, 1, 0.326018, -0.0438224, -0.0228012, 0.944072, 0.2, 1, 0.326018, -0.0438224, -0.0228012, 0.944072, 0.233333, 1, 0.306106, -0.045862, -0.0213714, 0.950652, 0.266667, 1, 0.253876, -0.0507932, -0.0177389, 0.965739, 0.3, 1, 0.18238, -0.0565998, -0.0129975, 0.981512, 0.333333, 1, 0.109869, -0.0614174, -0.00839645, 0.992011, 0.366667, 1, 0.0555755, -0.0643322, -0.00504941, 0.996367, 0.4, 1, 0.0345695, -0.0653014, -0.00377074, 0.997259, 0.566667, 1, 0.0345695, -0.0653014, -0.00377074, 0.997259)
tracks/4/type = "rotation_3d"
tracks/4/imported = true
tracks/4/enabled = true
tracks/4/path = NodePath("HumanArmature/Skeleton3D:DEF-spine.004")
tracks/4/interp = 1
tracks/4/loop_wrap = true
tracks/4/keys = PackedFloat32Array(0, 1, 0.013724, 0.0380429, 0.0153901, 0.999063, 0.2, 1, 0.0137247, 0.0380429, 0.0153901, 0.999063, 0.233333, 1, 0.0347015, 0.0387481, 0.0135444, 0.998554, 0.266667, 1, 0.0889764, 0.0403078, 0.00875634, 0.995179, 0.333333, 1, 0.233351, 0.0426047, -0.00407653, 0.97145, 0.366667, 1, 0.285876, 0.0427541, -0.00878268, 0.957272, 0.4, 1, 0.305926, 0.0427096, -0.0105847, 0.951038, 0.433333, 1, 0.318377, 0.0438201, -0.0119722, 0.946875, 0.466667, 1, 0.347896, 0.046442, -0.0152785, 0.936258, 0.5, 1, 0.38271, 0.0495138, -0.019209, 0.922341, 0.533333, 1, 0.411426, 0.0520302, -0.0224774, 0.909679, 0.566667, 1, 0.423322, 0.053068, -0.0238388, 0.904109)
tracks/5/type = "rotation_3d"
tracks/5/imported = true
tracks/5/enabled = true
tracks/5/path = NodePath("HumanArmature/Skeleton3D:DEF-spine.005")
tracks/5/interp = 1
tracks/5/loop_wrap = true
tracks/5/keys = PackedFloat32Array(0, 1, -0.0948565, -1.04095e-07, 4.22663e-08, 0.995491, 0.1, 1, -0.0948574, -9.26705e-08, -6.24336e-08, 0.995491, 0.133333, 1, -0.0948374, 0.0205437, -0.00195754, 0.995279, 0.166667, 1, -0.0946914, 0.0588935, -0.00561172, 0.993747, 0.2, 1, -0.0945552, 0.0794457, -0.00757021, 0.992316, 0.566667, 1, -0.0945512, 0.079906, -0.00761379, 0.992279)
tracks/6/type = "rotation_3d"
tracks/6/imported = true
tracks/6/enabled = true
tracks/6/path = NodePath("HumanArmature/Skeleton3D:DEF-spine.006")
tracks/6/interp = 1
tracks/6/loop_wrap = true
tracks/6/keys = PackedFloat32Array(0, 1, -0.31923, 0.0374178, 0.0168527, 0.946788, 0.1, 1, -0.31923, 0.0374179, 0.0168528, 0.946788, 0.133333, 1, -0.312533, 0.0682185, 0.021395, 0.947213, 0.166667, 1, -0.298661, 0.125234, 0.0305079, 0.945615, 0.2, 1, -0.290545, 0.155449, 0.0357428, 0.943473, 0.233333, 1, -0.27068, 0.15474, 0.039586, 0.949327, 0.266667, 1, -0.218677, 0.1524, 0.0494778, 0.962552, 0.3, 1, -0.147726, 0.148123, 0.0625955, 0.975868, 0.333333, 1, -0.0760275, 0.142587, 0.0754193, 0.983972, 0.366667, 1, -0.022504, 0.137678, 0.0847169, 0.986591, 0.4, 1, -0.00183241, 0.135606, 0.0882451, 0.986823, 0.433333, 1, -0.0815626, 0.135027, 0.0700111, 0.984994, 0.466667, 1, -0.178405, 0.13335, 0.047025, 0.973744, 0.5, 1, -0.214542, 0.132419, 0.038218, 0.966942, 0.533333, 1, -0.244549, 0.131495, 0.0308049, 0.960185, 0.566667, 1, -0.257037, 0.131068, 0.0276927, 0.957072)
tracks/7/type = "position_3d"
tracks/7/imported = true
tracks/7/enabled = true
tracks/7/path = NodePath("HumanArmature/Skeleton3D:DEF-pelvis.L")
tracks/7/interp = 1
tracks/7/loop_wrap = true
tracks/7/keys = PackedFloat32Array(0, 1, -0.00314562, 0.767984, 0.0819701, 0.0333333, 1, 0.0194669, 0.663935, 0.0693046, 0.0666667, 1, 0.0606035, 0.44294, 0.0395615, 0.1, 1, 0.0822961, 0.230675, 0.00782932, 0.133333, 1, 0.0804721, 0.111765, -0.00999914, 0.166667, 1, 0.0770845, 0.0679564, -0.0165675, 0.2, 1, 0.0752605, 0.0616979, -0.0175059, 0.233333, 1, 0.0750624, 0.0637137, -0.0154084, 0.266667, 1, 0.0745352, 0.0691288, -0.0104852, 0.333333, 1, 0.0729945, 0.0852762, -0.000291215, 0.366667, 1, 0.0723595, 0.0920421, 0.00247553, 0.4, 1, 0.0721022, 0.0947987, 0.00339074, 0.566667, 1, 0.0721022, 0.0947987, 0.00339074)
tracks/8/type = "rotation_3d"
tracks/8/imported = true
tracks/8/enabled = true
tracks/8/path = NodePath("HumanArmature/Skeleton3D:DEF-pelvis.L")
tracks/8/interp = 1
tracks/8/loop_wrap = true
tracks/8/keys = PackedFloat32Array(0, 1, -0.18079, -0.806462, -0.204884, 0.524362, 0.0333333, 1, -0.212342, -0.827201, -0.143051, 0.500186, 0.0666667, 1, -0.268096, -0.853027, -0.024994, 0.447039, 0.1, 1, -0.295613, -0.859652, 0.0382508, 0.414907, 0.2, 1, -0.295613, -0.859652, 0.0382508, 0.414907, 0.233333, 1, -0.303656, -0.859446, 0.054076, 0.407704, 0.266667, 1, -0.3234, -0.85753, 0.0938104, 0.388915, 0.333333, 1, -0.371399, -0.843104, 0.196526, 0.335583, 0.366667, 1, -0.388219, -0.83403, 0.235038, 0.313745, 0.4, 1, -0.394653, -0.829886, 0.250191, 0.304864, 0.566667, 1, -0.394653, -0.829886, 0.250191, 0.304864)
tracks/9/type = "position_3d"
tracks/9/imported = true
tracks/9/enabled = true
tracks/9/path = NodePath("HumanArmature/Skeleton3D:DEF-pelvis.R")
tracks/9/interp = 1
tracks/9/loop_wrap = true
tracks/9/keys = PackedFloat32Array(0, 1, -0.00314565, 0.767984, 0.0819701, 0.0333333, 1, 0.0194669, 0.663935, 0.0693046, 0.0666667, 1, 0.0606035, 0.44294, 0.0395615, 0.1, 1, 0.0822961, 0.230675, 0.00782932, 0.133333, 1, 0.080472, 0.111765, -0.00999914, 0.166667, 1, 0.0770845, 0.0679563, -0.0165675, 0.2, 1, 0.0752604, 0.0616979, -0.0175059, 0.233333, 1, 0.0750624, 0.0637137, -0.0154084, 0.266667, 1, 0.0745352, 0.0691288, -0.0104852, 0.333333, 1, 0.0729945, 0.0852762, -0.000291215, 0.366667, 1, 0.0723594, 0.0920421, 0.00247553, 0.4, 1, 0.0721022, 0.0947987, 0.00339074, 0.566667, 1, 0.0721022, 0.0947987, 0.00339074)
tracks/10/type = "rotation_3d"
tracks/10/imported = true
tracks/10/enabled = true
tracks/10/path = NodePath("HumanArmature/Skeleton3D:DEF-pelvis.R")
tracks/10/interp = 1
tracks/10/loop_wrap = true
tracks/10/keys = PackedFloat32Array(0, 1, -0.206486, 0.820452, 0.235471, 0.478305, 0.0333333, 1, -0.249505, 0.828447, 0.173358, 0.4705, 0.0666667, 1, -0.326149, 0.830387, 0.0543009, 0.448481, 0.1, 1, -0.364333, 0.824448, -0.00972412, 0.432957, 0.2, 1, -0.364333, 0.824448, -0.00972412, 0.432957, 0.233333, 1, -0.3724, 0.823408, -0.0261415, 0.427357, 0.266667, 1, -0.392093, 0.819453, -0.067412, 0.412571, 0.333333, 1, -0.439204, 0.800123, -0.174428, 0.369429, 0.366667, 1, -0.455399, 0.789352, -0.214681, 0.351352, 0.4, 1, -0.46154, 0.784562, -0.230538, 0.343941, 0.566667, 1, -0.46154, 0.784562, -0.230538, 0.343941)
tracks/11/type = "position_3d"
tracks/11/imported = true
tracks/11/enabled = true
tracks/11/path = NodePath("HumanArmature/Skeleton3D:DEF-thigh.L")
tracks/11/interp = 1
tracks/11/loop_wrap = true
tracks/11/keys = PackedFloat32Array(0, 1, 0.0920614, 0.846286, 0.0918067, 0.0333333, 1, 0.113627, 0.744098, 0.0696339, 0.0666667, 1, 0.153439, 0.522656, 0.0216948, 0.1, 1, 0.174799, 0.308063, -0.0194937, 0.133333, 1, 0.172975, 0.189153, -0.0373222, 0.166667, 1, 0.169587, 0.145345, -0.0438906, 0.2, 1, 0.167763, 0.139086, -0.0448289, 0.233333, 1, 0.167685, 0.139985, -0.045342, 0.266667, 1, 0.167498, 0.142154, -0.0467829, 0.333333, 1, 0.167082, 0.147083, -0.0514748, 0.366667, 1, 0.166956, 0.148631, -0.0535733, 0.4, 1, 0.166911, 0.14919, -0.0544469, 0.566667, 1, 0.166911, 0.14919, -0.0544469)
tracks/12/type = "rotation_3d"
tracks/12/imported = true
tracks/12/enabled = true
tracks/12/path = NodePath("HumanArmature/Skeleton3D:DEF-thigh.L")
tracks/12/interp = 1
tracks/12/loop_wrap = true
tracks/12/keys = PackedFloat32Array(0, 1, 0.355704, 0.316175, -0.340447, 0.810928, 0.0333333, 1, 0.317254, 0.240059, -0.350561, 0.847837, 0.0666667, 1, 0.331346, 0.00815687, -0.340379, 0.879935, 0.1, 1, 0.402288, -0.163243, -0.297553, 0.850281, 0.133333, 1, 0.478123, -0.186335, -0.308562, 0.800917, 0.166667, 1, 0.549784, -0.171547, -0.339509, 0.743669, 0.2, 1, 0.58839, -0.163624, -0.354963, 0.707832, 0.233333, 1, 0.56436, -0.16363, -0.353092, 0.728045, 0.266667, 1, 0.510768, -0.171421, -0.346191, 0.768038, 0.3, 1, 0.450566, -0.192969, -0.332362, 0.805785, 0.333333, 1, 0.397714, -0.2225, -0.312739, 0.833374, 0.366667, 1, 0.361732, -0.248681, -0.293477, 0.849223, 0.4, 1, 0.348683, -0.259794, -0.284692, 0.854329, 0.433333, 1, 0.364757, -0.200388, -0.34842, 0.839881, 0.466667, 1, 0.440403, -0.111402, -0.446902, 0.770658, 0.5, 1, 0.510867, -0.0781052, -0.485794, 0.704924, 0.566667, 1, 0.510867, -0.0781052, -0.485794, 0.704924)
tracks/13/type = "scale_3d"
tracks/13/imported = true
tracks/13/enabled = true
tracks/13/path = NodePath("HumanArmature/Skeleton3D:DEF-thigh.L")
tracks/13/interp = 1
tracks/13/loop_wrap = true
tracks/13/keys = PackedFloat32Array(0, 1, 1.02245, 0.956561, 1.02245, 0.0666667, 1, 1.02221, 0.957024, 1.02221, 0.1, 1, 1.02012, 0.960937, 1.02012, 0.133333, 1, 1.01552, 0.969672, 1.01552, 0.166667, 1, 1.01128, 0.977816, 1.01128, 0.2, 1, 1.00912, 0.982007, 1.00912, 0.233333, 1, 1.0104, 0.979515, 1.0104, 0.266667, 1, 1.01275, 0.974975, 1.01275, 0.3, 1, 1.01527, 0.970141, 1.01527, 0.333333, 1, 1.01686, 0.967124, 1.01686, 0.4, 1, 1.01725, 0.966372, 1.01725, 0.433333, 1, 1.01859, 0.963827, 1.01859, 0.466667, 1, 1.01632, 0.968134, 1.01632, 0.5, 1, 1.01178, 0.976859, 1.01178, 0.566667, 1, 1.01178, 0.976859, 1.01178)
tracks/14/type = "rotation_3d"
tracks/14/imported = true
tracks/14/enabled = true
tracks/14/path = NodePath("HumanArmature/Skeleton3D:DEF-thigh.L.001")
tracks/14/interp = 1
tracks/14/loop_wrap = true
tracks/14/keys = PackedFloat32Array(0, 1, 1.39286e-08, -0.00116594, 1.53582e-08, 0.999999, 0.0333333, 1, -2.05229e-08, -0.0269191, 7.48238e-08, 0.999638, 0.0666667, 1, -5.52183e-08, -0.0571264, 4.67988e-08, 0.998367, 0.1, 1, 1.04401e-09, -0.0490353, -2.7321e-08, 0.998797, 0.133333, 1, 1.66037e-08, -0.030877, -2.54523e-10, 0.999523, 0.166667, 1, -4.80431e-08, -0.0152147, 2.27149e-08, 0.999884, 0.2, 1, -3.47791e-08, -0.00898943, -4.33724e-08, 0.99996, 0.233333, 1, 1.91921e-08, -0.0103403, -2.00978e-08, 0.999947, 0.3, 1, -2.75659e-08, -0.015609, -1.66407e-08, 0.999878, 0.333333, 1, -3.51005e-08, -0.0179043, 2.20663e-09, 0.99984, 0.366667, 1, -5.37864e-08, -0.0194435, 5.99502e-08, 0.999811, 0.4, 1, -5.75315e-08, -0.0199645, 2.64134e-08, 0.999801, 0.433333, 1, 3.60689e-08, -0.00715589, -3.59083e-08, 0.999974, 0.466667, 1, -3.75922e-08, 0.0169436, -7.01886e-08, 0.999856, 0.5, 1, 4.30981e-09, 0.0215247, -2.3461e-08, 0.999768, 0.566667, 1, 4.30981e-09, 0.0215247, -2.3461e-08, 0.999768)
tracks/15/type = "rotation_3d"
tracks/15/imported = true
tracks/15/enabled = true
tracks/15/path = NodePath("HumanArmature/Skeleton3D:DEF-shin.L")
tracks/15/interp = 1
tracks/15/loop_wrap = true
tracks/15/keys = PackedFloat32Array(0, 1, 0.832393, -0.00115208, 0.00172256, 0.554182, 0.0333333, 1, 0.852136, -0.0264813, 0.0432788, 0.520854, 0.0666667, 1, 0.787654, -0.0568136, 0.0728973, 0.609146, 0.1, 1, 0.610244, -0.0485049, 0.037781, 0.789824, 0.133333, 1, 0.462768, -0.0305273, 0.0159112, 0.885811, 0.166667, 1, 0.337284, -0.0151212, 0.00534859, 0.941266, 0.2, 1, 0.258968, -0.0089591, 0.00236313, 0.965841, 0.233333, 1, 0.305342, -0.0102892, 0.00325109, 0.952182, 0.266667, 1, 0.39019, -0.0128619, 0.00540244, 0.920629, 0.3, 1, 0.457323, -0.0154357, 0.00791655, 0.889131, 0.333333, 1, 0.493507, -0.0176817, 0.0100432, 0.869504, 0.366667, 1, 0.504792, -0.0191972, 0.0112503, 0.862954, 0.4, 1, 0.505306, -0.0197116, 0.0115685, 0.862638, 0.433333, 1, 0.544904, -0.00706284, 0.00461474, 0.838456, 0.466667, 1, 0.481586, 0.0167397, -0.00919652, 0.876191, 0.5, 1, 0.355246, 0.021377, -0.00803148, 0.934494, 0.566667, 1, 0.355246, 0.021377, -0.00803148, 0.934494)
tracks/16/type = "scale_3d"
tracks/16/imported = true
tracks/16/enabled = true
tracks/16/path = NodePath("HumanArmature/Skeleton3D:DEF-shin.L")
tracks/16/interp = 1
tracks/16/loop_wrap = true
tracks/16/keys = PackedFloat32Array(0, 1, 1.00339, 0.939003, 1.06255, 0.0333333, 1, 1.00348, 0.942482, 1.05891, 0.0666667, 1, 1.00325, 0.934302, 1.0674, 0.1, 1, 1.00257, 0.940924, 1.06051, 0.133333, 1, 1.0018, 0.966317, 1.03397, 0.166667, 1, 1.00126, 0.984302, 1.01522, 0.2, 1, 1.001, 0.991362, 1.00799, 0.233333, 1, 1.00115, 0.987488, 1.01194, 0.266667, 1, 1.00144, 0.978086, 1.02167, 0.3, 1, 1.00177, 0.967375, 1.03286, 0.333333, 1, 1.00199, 0.960351, 1.04023, 0.366667, 1, 1.00205, 0.958331, 1.04235, 0.4, 1, 1.00205, 0.958234, 1.04245, 0.433333, 1, 1.00227, 0.950972, 1.05006, 0.466667, 1, 1.00191, 0.96274, 1.03772, 0.5, 1, 1.00132, 0.982319, 1.01727, 0.566667, 1, 1.00132, 0.982319, 1.01727)
