[gd_scene load_steps=15 format=3 uid="uid://1mtegvdbqcps"]

[ext_resource type="Script" path="res://source/australian.gd" id="2_0uaxg"]
[ext_resource type="Material" uid="uid://pjy8hkjjd8o5" path="res://data/material_overrides/human_override.tres" id="2_ltxw4"]
[ext_resource type="ArrayMesh" uid="uid://bsdpxbr8oq3cg" path="res://data/meshes/human_human.res" id="3_yb326"]
[ext_resource type="Material" uid="uid://bxjrpsq56kljc" path="res://data/material_overrides/ak_test.tres" id="4_41drw"]
[ext_resource type="Texture2D" uid="uid://j0st2dmuvqhy" path="res://data/import/AKTexture.png" id="5_selub"]
[ext_resource type="Animation" uid="uid://bb5egdtt7jbo2" path="res://data/animations/die.tres" id="6_7pfxx"]
[ext_resource type="Animation" uid="uid://delu2w2gdpn7w" path="res://data/animations/walk_idle_ak.tres" id="7_vkshs"]
[ext_resource type="Animation" uid="uid://d3y2rrl70yl04" path="res://data/animations/punch.tres" id="8_wb524"]

[sub_resource type="Skin" id="Skin_my1cn"]
resource_name = "Skin"
bind_count = 35
bind/0/name = &"DEF-spine"
bind/0/bone = -1
bind/0/pose = Transform3D(1, 0, 0, 0, 0.968339, 0.24964, 0, -0.249639, 0.968339, 0, -0.964145, 0.305563)
bind/1/name = &"DEF-spine.001"
bind/1/bone = -1
bind/1/pose = Transform3D(1, 0, 0, 0, 0.93151, -0.363716, 0, 0.363716, 0.93151, 0, -1.08429, -0.404907)
bind/2/name = &"DEF-spine.002"
bind/2/bone = -1
bind/2/pose = Transform3D(1, -7.35908e-08, -2.26777e-07, -7.10543e-15, 0.951172, -0.308662, 2.38419e-07, 0.308662, 0.951172, 7.92381e-08, -1.25142, -0.332349)
bind/3/name = &"DEF-spine.003"
bind/3/bone = -1
bind/3/pose = Transform3D(1, -2.67599e-08, -2.36912e-07, 1.77636e-15, 0.993681, -0.112239, 2.38419e-07, 0.112239, 0.993681, 9.31873e-09, -1.47061, -0.0390856)
bind/4/name = &"DEF-spine.004"
bind/4/bone = -1
bind/4/pose = Transform3D(1, 8.79248e-08, -2.21614e-07, 7.10543e-15, 0.929515, 0.368784, 2.38419e-07, -0.368784, 0.929515, -1.78588e-07, -1.48676, 0.749052)
bind/5/name = &"DEF-spine.005"
bind/5/bone = -1
bind/5/pose = Transform3D(1, 1.06069e-14, -5.5845e-14, 1.94917e-15, 0.982436, 0.186599, 8.64193e-14, -0.186599, 0.982436, -2.53593e-14, -1.66644, 0.442289)
bind/6/name = &"DEF-spine.006"
bind/6/bone = -1
bind/6/pose = Transform3D(1, -5.04871e-29, 3.38813e-21, -3.6039e-15, 1, 2.23517e-07, 2.94201e-14, -1.49012e-08, 1, -2.18126e-16, -1.7813, 0.111864)
bind/7/name = &"DEF-pelvis.L"
bind/7/bone = -1
bind/7/pose = Transform3D(-0.421772, -0.276837, 0.863405, 0.536322, 0.691624, 0.483751, -0.731072, 0.667096, -0.143234, 0.327238, -0.671768, -0.681606)
bind/8/name = &"DEF-pelvis.R"
bind/8/bone = -1
bind/8/pose = Transform3D(-0.421772, 0.276837, -0.863405, -0.536322, 0.691624, 0.483751, 0.731072, 0.667096, -0.143234, -0.327238, -0.671768, -0.681606)
bind/9/name = &"DEF-thigh.L"
bind/9/bone = -1
bind/9/pose = Transform3D(0.584597, -0.0272227, -0.810867, 0.0631977, -0.994872, 0.0789625, -0.808859, -0.0974063, -0.579879, -0.0381625, 1.06129, 0.176497)
bind/10/name = &"DEF-thigh.L.001"
bind/10/bone = -1
bind/10/pose = Transform3D(0.584597, -0.0272226, -0.810867, 0.0631977, -0.994872, 0.0789625, -0.808859, -0.0974063, -0.579879, -0.0381626, 0.801673, 0.176497)
bind/11/name = &"DEF-shin.L"
bind/11/bone = -1
bind/11/pose = Transform3D(0.584597, -0.0272227, -0.810867, -0.0140925, -0.999627, 0.0233996, -0.811202, -0.00225227, -0.584762, -0.0381625, 0.556397, 0.124092)
bind/12/name = &"DEF-shin.L.001"
bind/12/bone = -1
bind/12/pose = Transform3D(0.584597, -0.0272227, -0.810867, -0.0140924, -0.999627, 0.0233996, -0.811202, -0.00225239, -0.584762, -0.0381626, 0.321194, 0.124092)
bind/13/name = &"DEF-foot.L"
bind/13/bone = -1
bind/13/pose = Transform3D(0.997987, 3.01152e-05, -0.0634255, 0.0575016, -0.422413, 0.904578, -0.0267645, -0.906403, -0.421565, -0.121426, -0.00697917, 0.0972464)
bind/14/name = &"DEF-toe.L"
bind/14/bone = -1
bind/14/pose = Transform3D(-0.991232, 5.52603e-08, 0.132136, 0.132135, 2.03095e-07, 0.991231, 8.4685e-08, 1, -4.13548e-08, 0.107723, -0.202304, -0.0167)
bind/15/name = &"DEF-thigh.R"
bind/15/bone = -1
bind/15/pose = Transform3D(0.584597, 0.0272227, 0.810867, -0.0631977, -0.994872, 0.0789625, 0.808859, -0.0974063, -0.579879, 0.0381625, 1.06129, 0.176497)
bind/16/name = &"DEF-thigh.R.001"
bind/16/bone = -1
bind/16/pose = Transform3D(0.584597, 0.0272226, 0.810867, -0.0631977, -0.994872, 0.0789625, 0.808859, -0.0974063, -0.579879, 0.0381626, 0.801673, 0.176497)
bind/17/name = &"DEF-shin.R"
bind/17/bone = -1
bind/17/pose = Transform3D(0.584597, 0.0272227, 0.810867, 0.0140925, -0.999627, 0.0233996, 0.811202, -0.00225227, -0.584762, 0.0381625, 0.556397, 0.124092)
bind/18/name = &"DEF-shin.R.001"
bind/18/bone = -1
bind/18/pose = Transform3D(0.584597, 0.0272227, 0.810867, 0.0140924, -0.999627, 0.0233996, 0.811202, -0.00225239, -0.584762, 0.0381626, 0.321194, 0.124092)
bind/19/name = &"DEF-foot.R"
bind/19/bone = -1
bind/19/pose = Transform3D(0.997987, -3.01152e-05, 0.0634255, -0.0575016, -0.422413, 0.904578, 0.0267645, -0.906403, -0.421565, 0.121426, -0.00697917, 0.0972464)
bind/20/name = &"DEF-toe.R"
bind/20/bone = -1
bind/20/pose = Transform3D(-0.991232, -5.52603e-08, -0.132136, -0.132135, 2.03095e-07, 0.991231, -8.4685e-08, 1, -4.13548e-08, -0.107723, -0.202304, -0.0167)
bind/21/name = &"DEF-shoulder.L"
bind/21/bone = -1
bind/21/pose = Transform3D(0.507095, -7.37348e-05, 0.86189, 0.86189, -0.000570463, -0.507095, 0.000529141, 1, -0.000225685, -0.0278225, -0.0038777, -1.6051)
bind/22/name = &"DEF-upper_arm.L"
bind/22/bone = -1
bind/22/pose = Transform3D(-0.0232066, -0.931658, 0.362594, 0.998446, -0.0399792, -0.0388216, 0.0506648, 0.36113, 0.931138, 1.50747, -0.134497, -0.51375)
bind/23/name = &"DEF-upper_arm.L.001"
bind/23/bone = -1
bind/23/pose = Transform3D(-0.0232066, -0.931658, 0.362594, 0.998446, -0.0399792, -0.0388216, 0.0506647, 0.36113, 0.931138, 1.50747, -0.328348, -0.51375)
bind/24/name = &"DEF-forearm.L"
bind/24/bone = -1
bind/24/pose = Transform3D(-0.0232058, -0.931658, 0.362593, 0.988301, 0.0333094, 0.148837, -0.150743, 0.361805, 0.919986, 1.50747, -0.61468, -0.398497)
bind/25/name = &"DEF-forearm.L.001"
bind/25/bone = -1
bind/25/pose = Transform3D(-0.0232068, -0.931658, 0.362594, 0.988301, 0.0333085, 0.148837, -0.150742, 0.361806, 0.919985, 1.50747, -0.746703, -0.3985)
bind/26/name = &"DEF-hand.L"
bind/26/bone = -1
bind/26/pose = Transform3D(-0.0304684, -0.931543, 0.362354, 0.999224, -0.0193392, 0.0343018, -0.0249458, 0.363118, 0.931409, 1.5134, -0.810502, -0.506098)
bind/27/name = &"DEF-shoulder.R"
bind/27/bone = -1
bind/27/pose = Transform3D(0.507095, 7.37348e-05, -0.86189, -0.86189, -0.000570422, -0.507095, -0.000529098, 1, -0.000225758, 0.0278225, -0.00387776, -1.6051)
bind/28/name = &"DEF-upper_arm.R"
bind/28/bone = -1
bind/28/pose = Transform3D(-0.0232066, 0.931658, -0.362594, -0.998446, -0.0399792, -0.0388218, -0.0506648, 0.36113, 0.931138, -1.50747, -0.134497, -0.51375)
bind/29/name = &"DEF-upper_arm.R.001"
bind/29/bone = -1
bind/29/pose = Transform3D(-0.0232066, 0.931658, -0.362594, -0.998446, -0.0399793, -0.0388216, -0.0506646, 0.36113, 0.931138, -1.50747, -0.328348, -0.51375)
bind/30/name = &"DEF-forearm.R"
bind/30/bone = -1
bind/30/pose = Transform3D(-0.0232059, 0.931658, -0.362594, -0.988301, 0.0333094, 0.148837, 0.150743, 0.361805, 0.919986, -1.50747, -0.61468, -0.398497)
bind/31/name = &"DEF-forearm.R.001"
bind/31/bone = -1
bind/31/pose = Transform3D(-0.0232068, 0.931658, -0.362594, -0.988301, 0.0333085, 0.148837, 0.150742, 0.361806, 0.919985, -1.50747, -0.746703, -0.398499)
bind/32/name = &"DEF-hand.R"
bind/32/bone = -1
bind/32/pose = Transform3D(-0.0304683, 0.931543, -0.362354, -0.999224, -0.0193393, 0.0343013, 0.0249456, 0.363118, 0.931409, -1.5134, -0.810502, -0.506098)
bind/33/name = &"DEF-breast.L"
bind/33/bone = -1
bind/33/pose = Transform3D(-1, 1.41819e-23, 1.35962e-16, 1.47251e-14, 1.04308e-07, 1, 1.42109e-14, 1, -1.93213e-30, 0.1184, 0.0250315, -1.4596)
bind/34/name = &"DEF-breast.R"
bind/34/bone = -1
bind/34/pose = Transform3D(-1, 1.41819e-23, 1.35962e-16, 1.47251e-14, 1.04308e-07, 1, 1.42109e-14, 1, -1.93213e-30, -0.1184, 0.0250315, -1.4596)

[sub_resource type="StandardMaterial3D" id="StandardMaterial3D_6mehy"]
resource_name = "ak_material"
cull_mode = 2
vertex_color_use_as_albedo = true
albedo_color = Color(0, 0, 0, 1)
metallic = 1.0
emission_enabled = true
emission_texture = ExtResource("5_selub")

[sub_resource type="ArrayMesh" id="ArrayMesh_xu6rx"]
_surfaces = [{
"aabb": AABB(-0.082339, -0.879783, -2.9075, 0.164678, 1.33476, 4.63728),
"format": 4097,
"index_count": 1956,
"index_data": PackedByteArray(3, 0, 8, 1, 6, 0, 3, 0, 3, 1, 8, 1, 2, 0, 21, 1, 5, 0, 2, 0, 22, 1, 21, 1, 0, 0, 18, 1, 23, 1, 0, 0, 7, 0, 18, 1, 11, 0, 8, 1, 6, 0, 11, 0, 13, 1, 8, 1, 8, 0, 21, 1, 5, 0, 8, 0, 17, 1, 21, 1, 4, 0, 10, 1, 10, 0, 4, 0, 11, 1, 10, 1, 10, 0, 17, 1, 8, 0, 10, 0, 10, 1, 17, 1, 7, 0, 14, 1, 9, 0, 7, 0, 18, 1, 14, 1, 9, 0, 13, 1, 11, 0, 9, 0, 14, 1, 13, 1, 12, 0, 254, 0, 13, 0, 252, 0, 12, 0, 253, 0, 254, 0, 12, 0, 252, 0, 12, 0, 255, 0, 253, 0, 12, 0, 14, 0, 255, 0, 14, 0, 4, 1, 255, 0, 14, 0, 1, 0, 4, 1, 17, 0, 23, 1, 28, 1, 17, 0, 0, 0, 23, 1, 0, 0, 20, 1, 7, 0, 0, 0, 19, 1, 20, 1, 250, 0, 4, 0, 1, 0, 4, 0, 1, 1, 2, 1, 4, 0, 250, 0, 1, 1, 11, 0, 7, 1, 6, 1, 11, 0, 6, 0, 7, 1, 8, 0, 15, 1, 12, 1, 8, 0, 5, 0, 15, 1, 4, 0, 5, 1, 2, 1, 4, 0, 10, 0, 5, 1, 10, 0, 12, 1, 5, 1, 10, 0, 8, 0, 12, 1, 7, 0, 16, 1, 20, 1, 7, 0, 9, 0, 16, 1, 9, 0, 6, 1, 16, 1, 9, 0, 11, 0, 6, 1, 251, 0, 12, 0, 13, 0, 12, 0, 248, 0, 249, 0, 12, 0, 251, 0, 248, 0, 12, 0, 247, 0, 14, 0, 12, 0, 249, 0, 247, 0, 14, 0, 250, 0, 1, 0, 14, 0, 247, 0, 250, 0, 17, 0, 19, 1, 0, 0, 17, 0, 26, 1, 19, 1, 20, 0, 155, 0, 156, 0, 77, 0, 159, 0, 76, 0, 22, 0, 67, 0, 55, 0, 70, 0, 72, 0, 30, 0, 28, 0, 30, 0, 29, 0, 20, 0, 24, 0, 155, 0, 19, 0, 21, 0, 30, 0, 25, 0, 24, 0, 69, 0, 32, 0, 34, 0, 21, 0, 36, 0, 34, 0, 38, 0, 34, 0, 32, 0, 39, 0, 35, 0, 58, 0, 40, 0, 44, 0, 41, 0, 42, 0, 41, 0, 45, 0, 38, 0, 39, 0, 43, 0, 42, 0, 48, 0, 50, 0, 63, 0, 41, 0, 59, 0, 45, 0, 51, 0, 64, 0, 66, 0, 58, 0, 60, 0, 47, 0, 59, 0, 46, 0, 48, 0, 47, 0, 60, 0, 62, 0, 49, 0, 62, 0, 64, 0, 50, 0, 52, 0, 65, 0, 45, 0, 59, 0, 58, 0, 57, 0, 55, 0, 67, 0, 65, 0, 52, 0, 57, 0, 56, 0, 54, 0, 66, 0, 36, 0, 35, 0, 66, 0, 59, 0, 61, 0, 60, 0, 63, 0, 65, 0, 64, 0, 60, 0, 61, 0, 63, 0, 65, 0, 67, 0, 66, 0, 65, 0, 68, 0, 67, 0, 69, 0, 71, 0, 72, 0, 71, 0, 26, 0, 29, 0, 79, 0, 154, 0, 153, 0, 76, 0, 151, 0, 77, 0, 74, 0, 73, 0, 79, 0, 74, 0, 81, 0, 82, 0, 83, 0, 84, 0, 23, 0, 23, 0, 152, 0, 151, 0, 89, 0, 88, 0, 86, 0, 88, 0, 89, 0, 91, 0, 100, 0, 102, 0, 91, 0, 35, 1, 31, 1, 93, 0, 31, 1, 32, 1, 27, 0, 110, 0, 32, 1, 109, 0, 33, 1, 34, 1, 108, 0, 101, 0, 87, 0, 85, 0, 100, 0, 91, 0, 89, 0, 99, 0, 100, 0, 89, 0, 87, 0, 99, 0, 89, 0, 92, 0, 96, 0, 86, 0, 86, 0, 96, 0, 95, 0, 90, 0, 98, 0, 88, 0, 98, 0, 97, 0, 88, 0, 97, 0, 95, 0, 88, 0, 88, 0, 95, 0, 86, 0, 101, 0, 99, 0, 87, 0, 122, 0, 124, 0, 116, 0, 108, 0, 112, 0, 113, 0, 110, 0, 111, 0, 33, 0, 111, 0, 110, 0, 114, 0, 110, 0, 109, 0, 113, 0, 116, 0, 124, 0, 125, 0, 115, 0, 114, 0, 118, 0, 113, 0, 119, 0, 118, 0, 119, 0, 130, 0, 129, 0, 118, 0, 126, 0, 120, 0, 129, 0, 130, 0, 116, 0, 123, 0, 147, 0, 148, 0, 122, 0, 123, 0, 128, 0, 125, 0, 124, 0, 122, 0, 130, 0, 122, 0, 116, 0, 112, 0, 121, 0, 119, 0, 119, 0, 121, 0, 147, 0, 119, 0, 123, 0, 130, 0, 123, 0, 122, 0, 130, 0, 125, 0, 127, 0, 117, 0, 117, 0, 127, 0, 129, 0, 127, 0, 128, 0, 129, 0, 129, 0, 128, 0, 118, 0, 118, 0, 128, 0, 148, 0, 93, 0, 84, 0, 83, 0, 142, 0, 137, 0, 131, 0, 131, 0, 137, 0, 138, 0, 132, 0, 138, 0, 139, 0, 141, 0, 142, 0, 134, 0, 137, 0, 139, 0, 138, 0, 137, 0, 140, 0, 139, 0, 136, 0, 140, 0, 137, 0, 92, 0, 146, 0, 145, 0, 143, 0, 87, 0, 85, 0, 145, 0, 142, 0, 136, 0, 143, 0, 144, 0, 140, 0, 143, 0, 87, 0, 86, 0, 145, 0, 146, 0, 141, 0, 147, 0, 149, 0, 150, 0, 147, 0, 121, 0, 149, 0, 154, 0, 80, 0, 77, 0, 157, 0, 160, 0, 156, 0, 160, 0, 159, 0, 158, 0, 76, 0, 159, 0, 160, 0, 75, 0, 18, 0, 158, 0, 36, 0, 155, 0, 34, 0, 20, 0, 156, 0, 160, 0, 159, 0, 80, 0, 75, 0, 80, 0, 159, 0, 77, 0, 67, 0, 23, 0, 56, 0, 23, 0, 67, 0, 22, 0, 70, 0, 21, 0, 25, 0, 21, 0, 70, 0, 30, 0, 30, 0, 72, 0, 29, 0, 28, 0, 29, 0, 26, 0, 155, 0, 24, 0, 25, 0, 24, 0, 20, 0, 18, 0, 18, 0, 20, 0, 158, 0, 19, 0, 30, 0, 28, 0, 25, 0, 69, 0, 70, 0, 32, 0, 21, 0, 19, 0, 36, 0, 38, 0, 37, 0, 34, 0, 39, 0, 38, 0, 37, 0, 58, 0, 36, 0, 36, 0, 58, 0, 35, 0, 44, 0, 42, 0, 43, 0, 42, 0, 41, 0, 38, 0, 38, 0, 45, 0, 37, 0, 39, 0, 42, 0, 38, 0, 48, 0, 63, 0, 61, 0, 59, 0, 44, 0, 46, 0, 44, 0, 59, 0, 41, 0, 51, 0, 66, 0, 53, 0, 58, 0, 47, 0, 40, 0, 59, 0, 48, 0, 61, 0, 47, 0, 62, 0, 49, 0, 49, 0, 64, 0, 51, 0, 50, 0, 65, 0, 63, 0, 45, 0, 58, 0, 37, 0, 57, 0, 67, 0, 68, 0, 65, 0, 57, 0, 68, 0, 56, 0, 66, 0, 67, 0, 54, 0, 36, 0, 66, 0, 66, 0, 35, 0, 53, 0, 59, 0, 60, 0, 58, 0, 63, 0, 64, 0, 62, 0, 60, 0, 63, 0, 62, 0, 65, 0, 66, 0, 64, 0, 69, 0, 72, 0, 70, 0, 71, 0, 29, 0, 72, 0, 79, 0, 153, 0, 78, 0, 78, 0, 153, 0, 74, 0, 74, 0, 77, 0, 152, 0, 151, 0, 157, 0, 156, 0, 74, 0, 153, 0, 77, 0, 152, 0, 77, 0, 151, 0, 157, 0, 151, 0, 76, 0, 74, 0, 79, 0, 78, 0, 74, 0, 82, 0, 73, 0, 83, 0, 23, 0, 22, 0, 74, 0, 9, 1, 81, 0, 74, 0, 4, 1, 9, 1, 252, 0, 74, 0, 152, 0, 255, 0, 252, 0, 253, 0, 74, 0, 255, 0, 4, 1, 74, 0, 252, 0, 255, 0, 152, 0, 254, 0, 252, 0, 152, 0, 3, 1, 254, 0, 11, 1, 81, 0, 9, 1, 17, 1, 11, 1, 10, 1, 21, 1, 11, 1, 17, 1, 84, 0, 3, 1, 152, 0, 8, 1, 14, 1, 13, 1, 84, 0, 8, 1, 3, 1, 21, 1, 81, 0, 11, 1, 22, 1, 81, 0, 21, 1, 8, 1, 18, 1, 14, 1, 84, 0, 18, 1, 8, 1, 30, 1, 81, 0, 22, 1, 29, 1, 81, 0, 30, 1, 84, 0, 23, 1, 18, 1, 28, 1, 81, 0, 29, 1, 84, 0, 28, 1, 23, 1, 81, 0, 28, 1, 84, 0, 84, 0, 152, 0, 23, 0, 89, 0, 86, 0, 87, 0, 88, 0, 91, 0, 90, 0, 35, 1, 93, 0, 94, 0, 31, 1, 27, 0, 93, 0, 109, 0, 32, 1, 33, 1, 32, 1, 110, 0, 27, 0, 27, 0, 110, 0, 31, 0, 33, 1, 108, 0, 109, 0, 108, 0, 113, 0, 109, 0, 110, 0, 33, 0, 31, 0, 111, 0, 114, 0, 115, 0, 110, 0, 113, 0, 114, 0, 116, 0, 125, 0, 117, 0, 115, 0, 118, 0, 120, 0, 113, 0, 118, 0, 114, 0, 119, 0, 129, 0, 118, 0, 129, 0, 116, 0, 117, 0, 123, 0, 148, 0, 128, 0, 122, 0, 128, 0, 127, 0, 125, 0, 122, 0, 127, 0, 112, 0, 119, 0, 113, 0, 119, 0, 147, 0, 123, 0, 118, 0, 148, 0, 126, 0, 93, 0, 83, 0, 94, 0, 84, 0, 27, 0, 81, 0, 81, 0, 33, 0, 82, 0, 27, 0, 31, 0, 81, 0, 33, 0, 81, 0, 31, 0, 27, 0, 84, 0, 93, 0, 137, 0, 142, 0, 136, 0, 142, 0, 131, 0, 134, 0, 131, 0, 138, 0, 132, 0, 132, 0, 139, 0, 133, 0, 141, 0, 134, 0, 135, 0, 92, 0, 145, 0, 86, 0, 143, 0, 85, 0, 144, 0, 145, 0, 136, 0, 143, 0, 143, 0, 140, 0, 136, 0, 143, 0, 86, 0, 145, 0, 145, 0, 141, 0, 142, 0, 147, 0, 150, 0, 148, 0, 148, 0, 150, 0, 126, 0, 154, 0, 77, 0, 153, 0, 160, 0, 158, 0, 20, 0, 76, 0, 160, 0, 157, 0, 75, 0, 158, 0, 159, 0, 34, 0, 25, 0, 21, 0, 25, 0, 34, 0, 155, 0, 155, 0, 54, 0, 156, 0, 36, 0, 54, 0, 155, 0, 156, 0, 23, 0, 151, 0, 23, 0, 156, 0, 56, 0, 56, 0, 156, 0, 54, 0, 161, 0, 242, 0, 241, 0, 193, 0, 192, 0, 245, 0, 22, 0, 55, 0, 187, 0, 189, 0, 167, 0, 190, 0, 28, 0, 166, 0, 167, 0, 161, 0, 241, 0, 24, 0, 19, 0, 167, 0, 162, 0, 164, 0, 69, 0, 24, 0, 32, 0, 162, 0, 169, 0, 170, 0, 172, 0, 169, 0, 169, 0, 39, 0, 32, 0, 35, 0, 40, 0, 178, 0, 44, 0, 174, 0, 173, 0, 173, 0, 172, 0, 175, 0, 39, 0, 174, 0, 43, 0, 48, 0, 183, 0, 50, 0, 173, 0, 175, 0, 179, 0, 51, 0, 186, 0, 184, 0, 178, 0, 47, 0, 180, 0, 179, 0, 48, 0, 46, 0, 47, 0, 182, 0, 180, 0, 49, 0, 184, 0, 182, 0, 50, 0, 185, 0, 52, 0, 175, 0, 178, 0, 179, 0, 57, 0, 187, 0, 55, 0, 185, 0, 57, 0, 52, 0, 177, 0, 186, 0, 176, 0, 170, 0, 186, 0, 35, 0, 179, 0, 180, 0, 181, 0, 183, 0, 184, 0, 185, 0, 180, 0, 183, 0, 181, 0, 185, 0, 186, 0, 187, 0, 185, 0, 187, 0, 188, 0, 69, 0, 190, 0, 71, 0, 71, 0, 166, 0, 26, 0, 79, 0, 240, 0, 154, 0, 192, 0, 193, 0, 238, 0, 191, 0, 79, 0, 73, 0, 191, 0, 82, 0, 195, 0, 83, 0, 163, 0, 196, 0, 163, 0, 238, 0, 239, 0, 200, 0, 197, 0, 199, 0, 199, 0, 91, 0, 200, 0, 206, 0, 91, 0, 102, 0, 35, 1, 201, 0, 36, 1, 210, 0, 45, 1, 209, 0, 210, 0, 46, 1, 45, 1, 36, 1, 165, 0, 37, 1, 212, 0, 211, 0, 37, 1, 38, 1, 108, 0, 34, 1, 207, 0, 85, 0, 198, 0, 206, 0, 200, 0, 91, 0, 205, 0, 200, 0, 206, 0, 198, 0, 200, 0, 205, 0, 92, 0, 197, 0, 203, 0, 197, 0, 202, 0, 203, 0, 90, 0, 199, 0, 98, 0, 98, 0, 199, 0, 204, 0, 204, 0, 199, 0, 202, 0, 199, 0, 197, 0, 202, 0, 207, 0, 198, 0, 205, 0, 219, 0, 215, 0, 221, 0, 108, 0, 213, 0, 112, 0, 212, 0, 33, 0, 111, 0, 111, 0, 214, 0, 212, 0, 212, 0, 213, 0, 211, 0, 215, 0, 222, 0, 221, 0, 115, 0, 217, 0, 214, 0, 213, 0, 217, 0, 218, 0, 218, 0, 225, 0, 226, 0, 217, 0, 120, 0, 126, 0, 225, 0, 215, 0, 226, 0, 220, 0, 237, 0, 236, 0, 219, 0, 224, 0, 220, 0, 222, 0, 219, 0, 221, 0, 226, 0, 215, 0, 219, 0, 112, 0, 218, 0, 121, 0, 218, 0, 236, 0, 121, 0, 218, 0, 226, 0, 220, 0, 220, 0, 226, 0, 219, 0, 222, 0, 216, 0, 223, 0, 216, 0, 225, 0, 223, 0, 223, 0, 225, 0, 224, 0, 225, 0, 217, 0, 224, 0, 217, 0, 237, 0, 224, 0, 201, 0, 83, 0, 196, 0, 233, 0, 227, 0, 231, 0, 227, 0, 232, 0, 231, 0, 228, 0, 139, 0, 232, 0, 141, 0, 229, 0, 233, 0, 231, 0, 232, 0, 139, 0, 231, 0, 139, 0, 140, 0, 230, 0, 231, 0, 140, 0, 92, 0, 235, 0, 146, 0, 234, 0, 85, 0, 198, 0, 235, 0, 230, 0, 233, 0, 234, 0, 140, 0, 144, 0, 234, 0, 197, 0, 198, 0, 235, 0, 141, 0, 146, 0, 236, 0, 150, 0, 149, 0, 236, 0, 149, 0, 121, 0, 154, 0, 193, 0, 80, 0, 243, 0, 242, 0, 246, 0, 246, 0, 244, 0, 245, 0, 192, 0, 246, 0, 245, 0, 75, 0, 244, 0, 18, 0, 170, 0, 169, 0, 241, 0, 161, 0, 246, 0, 242, 0, 245, 0, 75, 0, 80, 0, 80, 0, 193, 0, 245, 0, 187, 0, 177, 0, 163, 0, 163, 0, 22, 0, 187, 0, 189, 0, 164, 0, 162, 0, 162, 0, 167, 0, 189, 0, 167, 0, 166, 0, 190, 0, 28, 0, 26, 0, 166, 0, 241, 0, 164, 0, 24, 0, 24, 0, 18, 0, 161, 0, 18, 0, 244, 0, 161, 0, 19, 0, 28, 0, 167, 0, 164, 0, 189, 0, 69, 0, 32, 0, 19, 0, 162, 0, 170, 0, 171, 0, 172, 0, 169, 0, 172, 0, 39, 0, 171, 0, 170, 0, 178, 0, 170, 0, 35, 0, 178, 0, 44, 0, 43, 0, 174, 0, 174, 0, 172, 0, 173, 0, 172, 0, 171, 0, 175, 0, 39, 0, 172, 0, 174, 0, 48, 0, 181, 0, 183, 0, 179, 0, 46, 0, 44, 0, 44, 0, 173, 0, 179, 0, 51, 0, 53, 0, 186, 0, 178, 0, 40, 0, 47, 0, 179, 0, 181, 0, 48, 0, 47, 0, 49, 0, 182, 0, 49, 0, 51, 0, 184, 0, 50, 0, 183, 0, 185, 0, 175, 0, 171, 0, 178, 0, 57, 0, 188, 0, 187, 0, 185, 0, 188, 0, 57, 0, 177, 0, 187, 0, 186, 0, 176, 0, 186, 0, 170, 0, 186, 0, 53, 0, 35, 0, 179, 0, 178, 0, 180, 0, 183, 0, 182, 0, 184, 0, 180, 0, 182, 0, 183, 0, 185, 0, 184, 0, 186, 0, 69, 0, 189, 0, 190, 0, 71, 0, 190, 0, 166, 0, 79, 0, 194, 0, 240, 0, 194, 0, 191, 0, 240, 0, 191, 0, 239, 0, 193, 0, 238, 0, 242, 0, 243, 0, 191, 0, 193, 0, 240, 0, 239, 0, 238, 0, 193, 0, 243, 0, 192, 0, 238, 0, 191, 0, 194, 0, 79, 0, 191, 0, 73, 0, 82, 0, 83, 0, 22, 0, 163, 0, 191, 0, 248, 0, 239, 0, 248, 0, 247, 0, 249, 0, 250, 0, 195, 0, 1, 1, 191, 0, 247, 0, 248, 0, 247, 0, 195, 0, 250, 0, 191, 0, 195, 0, 247, 0, 195, 0, 2, 1, 1, 1, 2, 1, 12, 1, 5, 1, 2, 1, 15, 1, 12, 1, 251, 0, 239, 0, 248, 0, 0, 1, 239, 0, 251, 0, 195, 0, 15, 1, 2, 1, 195, 0, 25, 1, 15, 1, 0, 1, 196, 0, 239, 0, 16, 1, 7, 1, 6, 1, 7, 1, 196, 0, 0, 1, 195, 0, 24, 1, 25, 1, 195, 0, 27, 1, 24, 1, 20, 1, 7, 1, 16, 1, 20, 1, 196, 0, 7, 1, 196, 0, 27, 1, 195, 0, 196, 0, 26, 1, 27, 1, 19, 1, 196, 0, 20, 1, 26, 1, 196, 0, 19, 1, 196, 0, 163, 0, 239, 0, 200, 0, 198, 0, 197, 0, 199, 0, 90, 0, 91, 0, 35, 1, 94, 0, 201, 0, 36, 1, 201, 0, 165, 0, 211, 0, 38, 1, 37, 1, 37, 1, 165, 0, 212, 0, 165, 0, 168, 0, 212, 0, 38, 1, 211, 0, 108, 0, 108, 0, 211, 0, 213, 0, 212, 0, 168, 0, 33, 0, 111, 0, 115, 0, 214, 0, 212, 0, 214, 0, 213, 0, 215, 0, 216, 0, 222, 0, 115, 0, 120, 0, 217, 0, 213, 0, 214, 0, 217, 0, 218, 0, 217, 0, 225, 0, 225, 0, 216, 0, 215, 0, 220, 0, 224, 0, 237, 0, 219, 0, 223, 0, 224, 0, 222, 0, 223, 0, 219, 0, 112, 0, 213, 0, 218, 0, 218, 0, 220, 0, 236, 0, 217, 0, 126, 0, 237, 0, 201, 0, 94, 0, 83, 0, 196, 0, 195, 0, 165, 0, 195, 0, 82, 0, 33, 0, 165, 0, 195, 0, 168, 0, 33, 0, 168, 0, 195, 0, 165, 0, 201, 0, 196, 0, 231, 0, 230, 0, 233, 0, 233, 0, 229, 0, 227, 0, 227, 0, 228, 0, 232, 0, 228, 0, 133, 0, 139, 0, 141, 0, 135, 0, 229, 0, 92, 0, 197, 0, 235, 0, 234, 0, 144, 0, 85, 0, 235, 0, 234, 0, 230, 0, 234, 0, 230, 0, 140, 0, 234, 0, 235, 0, 197, 0, 235, 0, 233, 0, 141, 0, 236, 0, 237, 0, 150, 0, 237, 0, 126, 0, 150, 0, 154, 0, 240, 0, 193, 0, 246, 0, 161, 0, 244, 0, 192, 0, 243, 0, 246, 0, 75, 0, 245, 0, 244, 0, 169, 0, 162, 0, 164, 0, 164, 0, 241, 0, 169, 0, 241, 0, 242, 0, 176, 0, 170, 0, 241, 0, 176, 0, 242, 0, 238, 0, 163, 0, 163, 0, 177, 0, 242, 0, 177, 0, 176, 0, 242, 0, 30, 1, 2, 0, 16, 0, 30, 1, 22, 1, 2, 0, 28, 1, 15, 0, 17, 0, 28, 1, 29, 1, 15, 0, 0, 1, 13, 0, 3, 0, 0, 1, 251, 0, 13, 0, 254, 0, 3, 0, 13, 0, 254, 0, 3, 1, 3, 0, 27, 1, 17, 0, 15, 0, 27, 1, 26, 1, 17, 0, 25, 1, 16, 0, 2, 0, 25, 1, 24, 1, 16, 0, 29, 1, 16, 0, 15, 0, 29, 1, 30, 1, 16, 0, 24, 1, 15, 0, 16, 0, 24, 1, 27, 1, 15, 0, 105, 0, 31, 1, 104, 0, 105, 0, 32, 1, 31, 1, 107, 0, 33, 1, 106, 0, 107, 0, 34, 1, 33, 1, 104, 0, 35, 1, 103, 0, 104, 0, 31, 1, 35, 1, 106, 0, 32, 1, 105, 0, 106, 0, 33, 1, 32, 1, 208, 0, 37, 1, 209, 0, 208, 0, 36, 1, 37, 1, 210, 0, 34, 1, 107, 0, 210, 0, 38, 1, 34, 1, 103, 0, 36, 1, 208, 0, 103, 0, 35, 1, 36, 1, 209, 0, 38, 1, 210, 0, 209, 0, 37, 1, 38, 1, 45, 1, 43, 1, 44, 1, 43, 1, 40, 1, 39, 1, 40, 1, 42, 1, 41, 1, 42, 1, 45, 1, 46, 1, 45, 1, 40, 1, 43, 1, 40, 1, 45, 1, 42, 1, 107, 0, 46, 1, 210, 0, 107, 0, 42, 1, 46, 1, 105, 0, 41, 1, 106, 0, 105, 0, 40, 1, 41, 1, 106, 0, 42, 1, 107, 0, 106, 0, 41, 1, 42, 1, 208, 0, 43, 1, 103, 0, 208, 0, 44, 1, 43, 1, 209, 0, 44, 1, 208, 0, 209, 0, 45, 1, 44, 1, 103, 0, 39, 1, 104, 0, 103, 0, 43, 1, 39, 1, 104, 0, 40, 1, 105, 0, 104, 0, 39, 1, 40, 1, 4, 0, 4, 1, 1, 0, 9, 1, 4, 0, 11, 1, 4, 1, 4, 0, 9, 1, 6, 0, 0, 1, 3, 0, 6, 0, 7, 1, 0, 1, 5, 0, 25, 1, 2, 0, 5, 0, 15, 1, 25, 1, 58, 1, 50, 1, 48, 1, 58, 1, 59, 1, 50, 1, 59, 1, 54, 1, 50, 1, 59, 1, 63, 1, 54, 1, 63, 1, 52, 1, 54, 1, 63, 1, 67, 1, 52, 1, 67, 1, 48, 1, 52, 1, 67, 1, 58, 1, 48, 1, 49, 1, 51, 1, 53, 1, 49, 1, 47, 1, 51, 1, 54, 1, 48, 1, 50, 1, 54, 1, 52, 1, 48, 1, 51, 1, 55, 1, 70, 1, 51, 1, 47, 1, 55, 1, 70, 1, 56, 1, 69, 1, 70, 1, 55, 1, 56, 1, 69, 1, 57, 1, 68, 1, 69, 1, 56, 1, 57, 1, 68, 1, 58, 1, 67, 1, 68, 1, 57, 1, 58, 1, 53, 1, 70, 1, 66, 1, 53, 1, 51, 1, 70, 1, 66, 1, 69, 1, 65, 1, 66, 1, 70, 1, 69, 1, 65, 1, 68, 1, 64, 1, 65, 1, 69, 1, 68, 1, 64, 1, 67, 1, 63, 1, 64, 1, 68, 1, 67, 1, 49, 1, 66, 1, 62, 1, 49, 1, 53, 1, 66, 1, 62, 1, 65, 1, 61, 1, 62, 1, 66, 1, 65, 1, 61, 1, 64, 1, 60, 1, 61, 1, 65, 1, 64, 1, 60, 1, 63, 1, 59, 1, 60, 1, 64, 1, 63, 1, 47, 1, 62, 1, 55, 1, 47, 1, 49, 1, 62, 1, 55, 1, 61, 1, 56, 1, 55, 1, 62, 1, 61, 1, 56, 1, 60, 1, 57, 1, 56, 1, 61, 1, 60, 1, 57, 1, 59, 1, 58, 1, 57, 1, 60, 1, 59, 1, 81, 1, 74, 1, 72, 1, 81, 1, 82, 1, 74, 1, 77, 1, 82, 1, 73, 1, 82, 1, 78, 1, 74, 1, 79, 1, 82, 1, 77, 1, 82, 1, 79, 1, 78, 1, 79, 1, 76, 1, 78, 1, 79, 1, 80, 1, 76, 1, 80, 1, 72, 1, 76, 1, 80, 1, 81, 1, 72, 1, 73, 1, 75, 1, 77, 1, 73, 1, 71, 1, 75, 1, 78, 1, 72, 1, 74, 1, 78, 1, 76, 1, 72, 1, 71, 1, 82, 1, 81, 1, 71, 1, 73, 1, 82, 1, 75, 1, 81, 1, 80, 1, 75, 1, 71, 1, 81, 1, 77, 1, 80, 1, 79, 1, 77, 1, 75, 1, 80, 1),
"lods": [0.49881, PackedByteArray(3, 0, 8, 1, 6, 0, 3, 0, 3, 1, 8, 1, 254, 0, 3, 1, 3, 0, 254, 0, 3, 0, 13, 0, 2, 0, 21, 1, 5, 0, 2, 0, 22, 1, 21, 1, 30, 1, 22, 1, 2, 0, 30, 1, 2, 0, 16, 0, 0, 0, 18, 1, 23, 1, 0, 0, 7, 0, 18, 1, 17, 0, 0, 0, 23, 1, 17, 0, 23, 1, 28, 1, 11, 0, 8, 1, 6, 0, 11, 0, 13, 1, 8, 1, 11, 0, 14, 1, 13, 1, 7, 0, 14, 1, 11, 0, 7, 0, 18, 1, 14, 1, 8, 0, 21, 1, 5, 0, 8, 0, 17, 1, 21, 1, 8, 0, 10, 1, 17, 1, 4, 0, 10, 1, 8, 0, 4, 0, 11, 1, 10, 1, 12, 0, 254, 0, 13, 0, 254, 0, 12, 0, 252, 0, 12, 0, 255, 0, 252, 0, 12, 0, 14, 0, 255, 0, 14, 0, 9, 1, 255, 0, 14, 0, 1, 0, 9, 1, 4, 0, 9, 1, 1, 0, 9, 1, 4, 0, 11, 1, 0, 0, 20, 1, 7, 0, 0, 0, 19, 1, 20, 1, 17, 0, 19, 1, 0, 0, 17, 0, 26, 1, 19, 1, 250, 0, 4, 0, 1, 0, 4, 0, 250, 0, 2, 1, 14, 0, 250, 0, 1, 0, 14, 0, 247, 0, 250, 0, 11, 0, 7, 1, 6, 1, 11, 0, 6, 0, 7, 1, 11, 0, 6, 1, 16, 1, 7, 0, 11, 0, 16, 1, 8, 0, 15, 1, 12, 1, 8, 0, 5, 0, 15, 1, 8, 0, 12, 1, 5, 1, 4, 0, 8, 0, 5, 1, 4, 0, 5, 1, 2, 1, 7, 0, 16, 1, 20, 1, 251, 0, 12, 0, 13, 0, 12, 0, 251, 0, 249, 0, 12, 0, 249, 0, 247, 0, 12, 0, 247, 0, 14, 0, 153, 0, 159, 0, 76, 0, 153, 0, 81, 0, 82, 0, 153, 0, 82, 0, 73, 0, 73, 0, 159, 0, 153, 0, 73, 0, 25, 0, 159, 0, 73, 0, 29, 0, 25, 0, 73, 0, 26, 0, 29, 0, 22, 0, 67, 0, 55, 0, 23, 0, 67, 0, 22, 0, 83, 0, 23, 0, 22, 0, 83, 0, 84, 0, 23, 0, 23, 0, 66, 0, 67, 0, 23, 0, 36, 0, 66, 0, 36, 0, 35, 0, 66, 0, 66, 0, 35, 0, 53, 0, 28, 0, 30, 0, 29, 0, 28, 0, 29, 0, 26, 0, 19, 0, 21, 0, 30, 0, 19, 0, 30, 0, 28, 0, 32, 0, 21, 0, 19, 0, 32, 0, 34, 0, 21, 0, 36, 0, 34, 0, 38, 0, 36, 0, 38, 0, 45, 0, 41, 0, 45, 0, 38, 0, 42, 0, 41, 0, 38, 0, 36, 0, 25, 0, 34, 0, 34, 0, 25, 0, 21, 0, 21, 0, 25, 0, 30, 0, 30, 0, 25, 0, 29, 0, 36, 0, 23, 0, 25, 0, 25, 0, 23, 0, 157, 0, 157, 0, 159, 0, 25, 0, 157, 0, 23, 0, 153, 0, 157, 0, 153, 0, 76, 0, 23, 0, 254, 0, 153, 0, 84, 0, 254, 0, 23, 0, 252, 0, 153, 0, 254, 0, 153, 0, 252, 0, 255, 0, 153, 0, 255, 0, 9, 1, 84, 0, 3, 1, 254, 0, 153, 0, 9, 1, 81, 0, 84, 0, 8, 1, 3, 1, 11, 1, 81, 0, 9, 1, 84, 0, 18, 1, 8, 1, 8, 1, 18, 1, 14, 1, 8, 1, 14, 1, 13, 1, 84, 0, 23, 1, 18, 1, 84, 0, 28, 1, 23, 1, 81, 0, 28, 1, 84, 0, 28, 1, 81, 0, 29, 1, 29, 1, 81, 0, 30, 1, 30, 1, 81, 0, 22, 1, 22, 1, 81, 0, 21, 1, 21, 1, 81, 0, 11, 1, 21, 1, 11, 1, 17, 1, 17, 1, 11, 1, 10, 1, 34, 0, 32, 0, 39, 0, 34, 0, 39, 0, 38, 0, 39, 0, 42, 0, 38, 0, 39, 0, 43, 0, 42, 0, 35, 0, 58, 0, 40, 0, 58, 0, 47, 0, 40, 0, 58, 0, 60, 0, 47, 0, 36, 0, 58, 0, 35, 0, 45, 0, 58, 0, 36, 0, 45, 0, 59, 0, 58, 0, 41, 0, 59, 0, 45, 0, 44, 0, 59, 0, 41, 0, 59, 0, 44, 0, 46, 0, 44, 0, 41, 0, 42, 0, 44, 0, 42, 0, 43, 0, 51, 0, 62, 0, 66, 0, 51, 0, 66, 0, 53, 0, 47, 0, 62, 0, 51, 0, 47, 0, 60, 0, 62, 0, 59, 0, 46, 0, 52, 0, 59, 0, 52, 0, 61, 0, 52, 0, 63, 0, 61, 0, 52, 0, 65, 0, 63, 0, 65, 0, 52, 0, 57, 0, 65, 0, 57, 0, 68, 0, 57, 0, 55, 0, 67, 0, 57, 0, 67, 0, 68, 0, 59, 0, 61, 0, 60, 0, 59, 0, 60, 0, 58, 0, 60, 0, 61, 0, 63, 0, 60, 0, 63, 0, 62, 0, 63, 0, 65, 0, 62, 0, 65, 0, 66, 0, 62, 0, 65, 0, 67, 0, 66, 0, 65, 0, 68, 0, 67, 0, 89, 0, 88, 0, 86, 0, 89, 0, 86, 0, 87, 0, 143, 0, 87, 0, 86, 0, 143, 0, 86, 0, 145, 0, 145, 0, 136, 0, 143, 0, 145, 0, 142, 0, 136, 0, 88, 0, 89, 0, 91, 0, 88, 0, 91, 0, 90, 0, 100, 0, 102, 0, 91, 0, 100, 0, 91, 0, 89, 0, 99, 0, 100, 0, 89, 0, 87, 0, 99, 0, 89, 0, 101, 0, 99, 0, 87, 0, 101, 0, 87, 0, 85, 0, 35, 1, 31, 1, 93, 0, 35, 1, 93, 0, 94, 0, 31, 1, 110, 0, 93, 0, 93, 0, 110, 0, 31, 0, 110, 0, 33, 0, 31, 0, 110, 0, 111, 0, 33, 0, 110, 0, 31, 1, 109, 0, 109, 0, 31, 1, 33, 1, 110, 0, 109, 0, 130, 0, 110, 0, 130, 0, 114, 0, 114, 0, 130, 0, 117, 0, 130, 0, 124, 0, 125, 0, 33, 1, 34, 1, 108, 0, 33, 1, 108, 0, 109, 0, 92, 0, 96, 0, 86, 0, 86, 0, 96, 0, 95, 0, 90, 0, 98, 0, 88, 0, 98, 0, 97, 0, 88, 0, 97, 0, 95, 0, 88, 0, 88, 0, 95, 0, 86, 0, 92, 0, 145, 0, 86, 0, 92, 0, 146, 0, 145, 0, 145, 0, 146, 0, 141, 0, 145, 0, 141, 0, 142, 0, 122, 0, 124, 0, 130, 0, 123, 0, 122, 0, 130, 0, 130, 0, 147, 0, 123, 0, 130, 0, 121, 0, 147, 0, 147, 0, 121, 0, 149, 0, 108, 0, 121, 0, 130, 0, 108, 0, 130, 0, 109, 0, 111, 0, 110, 0, 114, 0, 111, 0, 114, 0, 115, 0, 114, 0, 148, 0, 115, 0, 148, 0, 150, 0, 115, 0, 114, 0, 128, 0, 148, 0, 127, 0, 128, 0, 114, 0, 117, 0, 127, 0, 114, 0, 125, 0, 127, 0, 117, 0, 123, 0, 147, 0, 148, 0, 123, 0, 148, 0, 128, 0, 122, 0, 123, 0, 128, 0, 122, 0, 128, 0, 127, 0, 125, 0, 122, 0, 127, 0, 125, 0, 124, 0, 122, 0, 93, 0, 84, 0, 83, 0, 93, 0, 83, 0, 94, 0, 84, 0, 93, 0, 81, 0, 93, 0, 31, 0, 81, 0, 33, 0, 81, 0, 31, 0, 81, 0, 33, 0, 82, 0, 142, 0, 138, 0, 131, 0, 138, 0, 142, 0, 136, 0, 142, 0, 131, 0, 134, 0, 131, 0, 138, 0, 132, 0, 141, 0, 142, 0, 134, 0, 141, 0, 134, 0, 135, 0, 132, 0, 138, 0, 139, 0, 132, 0, 139, 0, 133, 0, 138, 0, 140, 0, 139, 0, 136, 0, 140, 0, 138, 0, 143, 0, 140, 0, 136, 0, 143, 0, 85, 0, 140, 0, 143, 0, 87, 0, 85, 0, 147, 0, 149, 0, 150, 0, 147, 0, 150, 0, 148, 0, 76, 0, 159, 0, 157, 0, 130, 0, 125, 0, 117, 0, 194, 0, 192, 0, 245, 0, 194, 0, 82, 0, 195, 0, 194, 0, 73, 0, 82, 0, 73, 0, 194, 0, 245, 0, 73, 0, 245, 0, 164, 0, 73, 0, 164, 0, 166, 0, 73, 0, 166, 0, 26, 0, 22, 0, 55, 0, 187, 0, 163, 0, 22, 0, 187, 0, 83, 0, 22, 0, 163, 0, 83, 0, 163, 0, 196, 0, 163, 0, 187, 0, 186, 0, 163, 0, 186, 0, 170, 0, 170, 0, 186, 0, 35, 0, 186, 0, 53, 0, 35, 0, 28, 0, 166, 0, 167, 0, 28, 0, 26, 0, 166, 0, 19, 0, 167, 0, 162, 0, 19, 0, 28, 0, 167, 0, 32, 0, 19, 0, 162, 0, 32, 0, 162, 0, 169, 0, 170, 0, 172, 0, 169, 0, 170, 0, 171, 0, 172, 0, 173, 0, 172, 0, 171, 0, 174, 0, 172, 0, 173, 0, 170, 0, 169, 0, 164, 0, 169, 0, 162, 0, 164, 0, 162, 0, 167, 0, 164, 0, 167, 0, 166, 0, 164, 0, 170, 0, 164, 0, 163, 0, 246, 0, 164, 0, 245, 0, 164, 0, 246, 0, 163, 0, 192, 0, 194, 0, 246, 0, 163, 0, 246, 0, 194, 0, 194, 0, 249, 0, 163, 0, 251, 0, 163, 0, 249, 0, 194, 0, 247, 0, 249, 0, 0, 1, 163, 0, 251, 0, 194, 0, 195, 0, 247, 0, 0, 1, 196, 0, 163, 0, 247, 0, 195, 0, 250, 0, 7, 1, 196, 0, 0, 1, 195, 0, 2, 1, 250, 0, 16, 1, 7, 1, 6, 1, 20, 1, 7, 1, 16, 1, 20, 1, 196, 0, 7, 1, 19, 1, 196, 0, 20, 1, 26, 1, 196, 0, 19, 1, 196, 0, 26, 1, 27, 1, 196, 0, 27, 1, 195, 0, 195, 0, 27, 1, 24, 1, 195, 0, 24, 1, 25, 1, 195, 0, 25, 1, 15, 1, 195, 0, 15, 1, 2, 1, 2, 1, 15, 1, 12, 1, 2, 1, 12, 1, 5, 1, 169, 0, 39, 0, 32, 0, 169, 0, 172, 0, 39, 0, 39, 0, 172, 0, 174, 0, 39, 0, 174, 0, 43, 0, 35, 0, 40, 0, 178, 0, 178, 0, 40, 0, 47, 0, 178, 0, 47, 0, 180, 0, 170, 0, 35, 0, 178, 0, 171, 0, 170, 0, 178, 0, 171, 0, 178, 0, 179, 0, 173, 0, 171, 0, 179, 0, 44, 0, 173, 0, 179, 0, 179, 0, 46, 0, 44, 0, 44, 0, 174, 0, 173, 0, 44, 0, 43, 0, 174, 0, 51, 0, 186, 0, 184, 0, 51, 0, 53, 0, 186, 0, 47, 0, 51, 0, 184, 0, 47, 0, 184, 0, 180, 0, 179, 0, 52, 0, 46, 0, 179, 0, 181, 0, 52, 0, 52, 0, 181, 0, 185, 0, 185, 0, 57, 0, 52, 0, 185, 0, 188, 0, 57, 0, 57, 0, 187, 0, 55, 0, 57, 0, 188, 0, 187, 0, 179, 0, 180, 0, 181, 0, 179, 0, 178, 0, 180, 0, 180, 0, 184, 0, 181, 0, 181, 0, 184, 0, 185, 0, 185, 0, 184, 0, 186, 0, 185, 0, 186, 0, 187, 0, 185, 0, 187, 0, 188, 0, 200, 0, 197, 0, 199, 0, 200, 0, 198, 0, 197, 0, 234, 0, 197, 0, 198, 0, 234, 0, 235, 0, 197, 0, 235, 0, 234, 0, 230, 0, 235, 0, 230, 0, 233, 0, 199, 0, 91, 0, 200, 0, 199, 0, 90, 0, 91, 0, 206, 0, 91, 0, 102, 0, 206, 0, 200, 0, 91, 0, 205, 0, 200, 0, 206, 0, 198, 0, 200, 0, 205, 0, 207, 0, 198, 0, 205, 0, 207, 0, 85, 0, 198, 0, 35, 1, 165, 0, 36, 1, 35, 1, 94, 0, 165, 0, 36, 1, 165, 0, 37, 1, 37, 1, 165, 0, 212, 0, 212, 0, 165, 0, 33, 0, 212, 0, 33, 0, 111, 0, 212, 0, 211, 0, 37, 1, 211, 0, 38, 1, 37, 1, 38, 1, 211, 0, 108, 0, 38, 1, 108, 0, 34, 1, 92, 0, 197, 0, 203, 0, 197, 0, 202, 0, 203, 0, 90, 0, 199, 0, 98, 0, 98, 0, 199, 0, 204, 0, 204, 0, 199, 0, 202, 0, 199, 0, 197, 0, 202, 0, 92, 0, 197, 0, 235, 0, 92, 0, 235, 0, 146, 0, 235, 0, 141, 0, 146, 0, 235, 0, 233, 0, 141, 0, 219, 0, 215, 0, 221, 0, 220, 0, 215, 0, 219, 0, 218, 0, 215, 0, 220, 0, 218, 0, 220, 0, 236, 0, 218, 0, 236, 0, 121, 0, 236, 0, 149, 0, 121, 0, 108, 0, 218, 0, 121, 0, 108, 0, 211, 0, 218, 0, 111, 0, 225, 0, 212, 0, 212, 0, 218, 0, 211, 0, 212, 0, 225, 0, 218, 0, 218, 0, 225, 0, 215, 0, 215, 0, 225, 0, 222, 0, 215, 0, 222, 0, 221, 0, 220, 0, 237, 0, 236, 0, 220, 0, 224, 0, 237, 0, 219, 0, 224, 0, 220, 0, 219, 0, 223, 0, 224, 0, 222, 0, 223, 0, 219, 0, 222, 0, 219, 0, 221, 0, 222, 0, 225, 0, 223, 0, 223, 0, 225, 0, 224, 0, 225, 0, 237, 0, 224, 0, 225, 0, 115, 0, 237, 0, 237, 0, 115, 0, 150, 0, 111, 0, 115, 0, 225, 0, 165, 0, 83, 0, 196, 0, 165, 0, 94, 0, 83, 0, 196, 0, 195, 0, 165, 0, 33, 0, 165, 0, 195, 0, 195, 0, 82, 0, 33, 0, 233, 0, 227, 0, 232, 0, 232, 0, 230, 0, 233, 0, 233, 0, 229, 0, 227, 0, 227, 0, 228, 0, 232, 0, 141, 0, 229, 0, 233, 0, 141, 0, 135, 0, 229, 0, 228, 0, 139, 0, 232, 0, 228, 0, 133, 0, 139, 0, 232, 0, 139, 0, 140, 0, 230, 0, 232, 0, 140, 0, 234, 0, 230, 0, 140, 0, 234, 0, 140, 0, 85, 0, 234, 0, 85, 0, 198, 0, 236, 0, 150, 0, 149, 0, 236, 0, 237, 0, 150, 0, 192, 0, 246, 0, 245, 0, 28, 1, 15, 0, 17, 0, 28, 1, 29, 1, 15, 0, 29, 1, 16, 0, 15, 0, 29, 1, 30, 1, 16, 0, 0, 1, 13, 0, 3, 0, 0, 1, 251, 0, 13, 0, 6, 0, 0, 1, 3, 0, 6, 0, 7, 1, 0, 1, 27, 1, 17, 0, 15, 0, 27, 1, 26, 1, 17, 0, 24, 1, 27, 1, 15, 0, 24, 1, 15, 0, 16, 0, 25, 1, 16, 0, 2, 0, 25, 1, 24, 1, 16, 0, 5, 0, 25, 1, 2, 0, 5, 0, 15, 1, 25, 1, 107, 0, 33, 1, 106, 0, 107, 0, 34, 1, 33, 1, 106, 0, 33, 1, 31, 1, 106, 0, 31, 1, 35, 1, 106, 0, 35, 1, 103, 0, 208, 0, 36, 1, 37, 1, 208, 0, 37, 1, 38, 1, 208, 0, 38, 1, 34, 1, 208, 0, 34, 1, 107, 0, 103, 0, 36, 1, 208, 0, 103, 0, 35, 1, 36, 1, 45, 1, 39, 1, 43, 1, 39, 1, 45, 1, 42, 1, 107, 0, 45, 1, 208, 0, 107, 0, 42, 1, 45, 1, 106, 0, 42, 1, 107, 0, 106, 0, 39, 1, 42, 1, 208, 0, 43, 1, 103, 0, 208, 0, 45, 1, 43, 1, 103, 0, 39, 1, 106, 0, 103, 0, 43, 1, 39, 1, 58, 1, 50, 1, 48, 1, 58, 1, 59, 1, 50, 1, 47, 1, 59, 1, 58, 1, 47, 1, 49, 1, 59, 1, 59, 1, 54, 1, 50, 1, 59, 1, 65, 1, 54, 1, 49, 1, 65, 1, 59, 1, 49, 1, 53, 1, 65, 1, 65, 1, 52, 1, 54, 1, 65, 1, 70, 1, 52, 1, 53, 1, 70, 1, 65, 1, 53, 1, 51, 1, 70, 1, 70, 1, 48, 1, 52, 1, 70, 1, 58, 1, 48, 1, 51, 1, 58, 1, 70, 1, 51, 1, 47, 1, 58, 1, 49, 1, 51, 1, 53, 1, 49, 1, 47, 1, 51, 1, 54, 1, 48, 1, 50, 1, 54, 1, 52, 1, 48, 1, 81, 1, 74, 1, 72, 1, 81, 1, 82, 1, 74, 1, 71, 1, 82, 1, 81, 1, 71, 1, 73, 1, 82, 1, 77, 1, 82, 1, 73, 1, 82, 1, 77, 1, 78, 1, 82, 1, 78, 1, 74, 1, 77, 1, 76, 1, 78, 1, 77, 1, 75, 1, 76, 1, 75, 1, 72, 1, 76, 1, 75, 1, 81, 1, 72, 1, 75, 1, 71, 1, 81, 1, 73, 1, 75, 1, 77, 1, 73, 1, 71, 1, 75, 1, 78, 1, 72, 1, 74, 1, 78, 1, 76, 1, 72, 1)],
"name": "ak_material",
"primitive": 3,
"vertex_count": 339,
