[gd_scene load_steps=19 format=3 uid="uid://s0gnycogpfs0"]

[ext_resource type="Script" path="res://source/player.gd" id="1_hb35k"]
[ext_resource type="AudioStream" uid="uid://5buecktduga4" path="res://data/audio/46-tui-morning-chorus.mp3" id="2_51e1f"]
[ext_resource type="ArrayMesh" uid="uid://dgb86qo7e3ckj" path="res://data/meshes/fps_arms_human_arms.res" id="2_xq6k6"]
[ext_resource type="Material" uid="uid://pjy8hkjjd8o5" path="res://data/material_overrides/human_override.tres" id="3_4f5ck"]
[ext_resource type="Texture2D" uid="uid://lowth72rl5nn" path="res://data/textures/ui/crosshair.png" id="3_j7ilq"]
[ext_resource type="Theme" uid="uid://1c1e156uchg8" path="res://data/theme/kiwicraft_theme.tres" id="5_t6gbb"]
[ext_resource type="Texture2D" uid="uid://b0dhjxvrd802v" path="res://data/textures/ui/tile.png" id="6_nioab"]
[ext_resource type="Texture2D" uid="uid://cse3smijgre6p" path="res://data/textures/ui/tile_selected.png" id="7_cjbas"]

[sub_resource type="BoxShape3D" id="BoxShape3D_bcag7"]
size = Vector3(0.6, 1.8, 0.6)

[sub_resource type="Skin" id="Skin_6j4po"]
resource_name = "Skin"
bind_count = 34
bind/0/name = &"DEF_bicep.L"
bind/0/bone = -1
bind/0/pose = Transform3D(-0.0556354, -0.998451, 1.85214e-07, 0.998451, -0.0556355, -3.77711e-07, 3.8562e-07, 1.57604e-07, 1, -0.28911, -0.238026, -0.108861)
bind/1/name = &"DEF_forearm.L"
bind/1/bone = -1
bind/1/pose = Transform3D(0.0179459, -0.999839, -1.47556e-07, 0.999534, 0.0179403, 0.0247073, -0.0247034, -0.000443547, 0.999695, -0.331966, -0.573013, -0.0947321)
bind/2/name = &"DEF_bicep.R"
bind/2/bone = -1
bind/2/pose = Transform3D(-0.0556354, 0.998451, -1.85214e-07, -0.998451, -0.0556355, -3.77711e-07, -3.8562e-07, 1.57604e-07, 1, 0.28911, -0.238026, -0.108861)
bind/3/name = &"DEF_forearm.R"
bind/3/bone = -1
bind/3/pose = Transform3D(0.0179459, 0.999839, 1.47556e-07, -0.999534, 0.0179403, 0.0247073, 0.0247034, -0.000443547, 0.999695, 0.331966, -0.573013, -0.0947321)
bind/4/name = &"DEF_index.L.001"
bind/4/bone = -1
bind/4/pose = Transform3D(0.0136025, 0.0245203, 0.999607, 0.998594, -0.0515593, -0.012324, 0.0512369, 0.998369, -0.0251871, -0.161444, -0.96834, 0.265612)
bind/5/name = &"DEF_index.L.002"
bind/5/bone = -1
bind/5/pose = Transform3D(0.000406298, 0.0212383, 0.999774, 0.998559, -0.0536608, 0.00073412, 0.0536643, 0.998333, -0.0212295, -0.149251, -1.01948, 0.262548)
bind/6/name = &"DEF_index.L.003"
bind/6/bone = -1
bind/6/pose = Transform3D(0.00379602, 0.0208782, 0.999775, 0.98387, -0.178885, 6.0536e-09, 0.178844, 0.983649, -0.0212205, -0.152878, -1.07627, 0.128157)
bind/7/name = &"DEF_middle.L.001"
bind/7/bone = -1
bind/7/pose = Transform3D(-0.0435506, 0.0265708, 0.998698, 0.999034, 0.00705932, 0.0433774, -0.00589755, 0.999622, -0.0268526, -0.0788147, -0.958035, 0.320125)
bind/8/name = &"DEF_middle.L.002"
bind/8/bone = -1
bind/8/pose = Transform3D(0.0280622, 0.0179417, 0.999445, 0.995594, -0.089994, -0.0263385, 0.0894715, 0.995781, -0.0203881, -0.154025, -1.03147, 0.221624)
bind/9/name = &"DEF_middle.L.003"
bind/9/bone = -1
bind/9/pose = Transform3D(-0.0115621, 0.0227301, 0.999675, 0.971695, -0.235653, 0.0165966, 0.235954, 0.971571, -0.0193621, -0.110954, -1.09627, 0.0601096)
bind/10/name = &"DEF_ring.L.001"
bind/10/bone = -1
bind/10/pose = Transform3D(-0.00946312, 0.0224773, 0.999703, 0.99858, -0.052209, 0.0106264, 0.0524323, 0.998383, -0.0219513, -0.0866508, -0.971544, 0.262796)
bind/11/name = &"DEF_ring.L.002"
bind/11/bone = -1
bind/11/pose = Transform3D(0.000957592, 0.0212208, 0.999774, 0.99353, -0.113558, 0.00145871, 0.113563, 0.993305, -0.0211922, -0.0974995, -1.03181, 0.19984)
bind/12/name = &"DEF_ring.L.003"
bind/12/bone = -1
bind/12/pose = Transform3D(-0.0137336, 0.0229914, 0.999641, 0.985573, -0.168352, 0.0174123, 0.168692, 0.985459, -0.0203477, -0.081648, -1.08004, 0.139939)
bind/13/name = &"DEF_pinky.L.001"
bind/13/bone = -1
bind/13/pose = Transform3D(-0.0431806, 0.166971, 0.985016, 0.990949, -0.118273, 0.0634893, 0.127101, 0.978842, -0.160353, 0.0185803, -0.988528, 0.19526)
bind/14/name = &"DEF_pinky.L.002"
bind/14/bone = -1
bind/14/pose = Transform3D(0.037794, 0.230536, 0.972329, 0.98542, -0.170126, 0.00203346, 0.165887, 0.958076, -0.233604, -0.0407163, -1.03158, 0.155947)
bind/15/name = &"DEF_pinky.L.003"
bind/15/bone = -1
bind/15/pose = Transform3D(0.0721304, 0.329405, 0.941429, 0.982939, -0.183596, -0.0110707, 0.169196, 0.926166, -0.337028, -0.0416348, -1.05941, 0.150445)
bind/16/name = &"DEF_thumb.L.001"
bind/16/bone = -1
bind/16/pose = Transform3D(-0.293314, -0.931452, 0.215322, 0.668751, -0.0389552, 0.742465, -0.683183, 0.361772, 0.634336, -0.0683324, -0.689906, 0.60984)
bind/17/name = &"DEF_thumb.L.002"
bind/17/bone = -1
bind/17/pose = Transform3D(-0.166961, -0.948419, 0.269493, 0.902714, -0.0371179, 0.428637, -0.396524, 0.31484, 0.862348, -0.197653, -0.905354, 0.294067)
bind/18/name = &"DEF_thumb.L.003"
bind/18/bone = -1
bind/18/pose = Transform3D(-0.108068, -0.978609, 0.17506, 0.992573, -0.0963166, 0.0743101, -0.0558595, 0.18179, 0.98175, -0.2431, -0.982301, -0.094138)
bind/19/name = &"DEF_index.R.001"
bind/19/bone = -1
bind/19/pose = Transform3D(0.0136025, -0.0245203, -0.999607, -0.998594, -0.0515593, -0.012324, -0.0512369, 0.998369, -0.0251871, 0.161444, -0.96834, 0.265612)
bind/20/name = &"DEF_index.R.002"
bind/20/bone = -1
bind/20/pose = Transform3D(0.000406298, -0.0212383, -0.999774, -0.998559, -0.0536608, 0.00073412, -0.0536643, 0.998333, -0.0212295, 0.149251, -1.01948, 0.262548)
bind/21/name = &"DEF_index.R.003"
bind/21/bone = -1
bind/21/pose = Transform3D(0.00379602, -0.0208782, -0.999775, -0.98387, -0.178885, 6.0536e-09, -0.178844, 0.983649, -0.0212205, 0.152878, -1.07627, 0.128157)
bind/22/name = &"DEF_middle.R.001"
bind/22/bone = -1
bind/22/pose = Transform3D(-0.0435506, -0.0265708, -0.998698, -0.999034, 0.00705932, 0.0433774, 0.00589755, 0.999622, -0.0268526, 0.0788147, -0.958035, 0.320125)
bind/23/name = &"DEF_middle.R.002"
bind/23/bone = -1
bind/23/pose = Transform3D(0.0280622, -0.0179417, -0.999445, -0.995594, -0.089994, -0.0263385, -0.0894715, 0.995781, -0.0203881, 0.154025, -1.03147, 0.221624)
bind/24/name = &"DEF_middle.R.003"
bind/24/bone = -1
bind/24/pose = Transform3D(-0.0115621, -0.0227301, -0.999675, -0.971695, -0.235653, 0.0165966, -0.235954, 0.971571, -0.0193621, 0.110954, -1.09627, 0.0601096)
bind/25/name = &"DEF_ring.R.001"
bind/25/bone = -1
bind/25/pose = Transform3D(-0.00946312, -0.0224773, -0.999703, -0.99858, -0.052209, 0.0106264, -0.0524323, 0.998383, -0.0219513, 0.0866508, -0.971544, 0.262796)
bind/26/name = &"DEF_ring.R.002"
bind/26/bone = -1
bind/26/pose = Transform3D(0.000957592, -0.0212208, -0.999774, -0.99353, -0.113558, 0.00145871, -0.113563, 0.993305, -0.0211922, 0.0974995, -1.03181, 0.19984)
bind/27/name = &"DEF_ring.R.003"
bind/27/bone = -1
bind/27/pose = Transform3D(-0.0137336, -0.0229914, -0.999641, -0.985573, -0.168352, 0.0174123, -0.168692, 0.985459, -0.0203477, 0.081648, -1.08004, 0.139939)
bind/28/name = &"DEF_pinky.R.001"
bind/28/bone = -1
bind/28/pose = Transform3D(-0.0431806, -0.166971, -0.985016, -0.990949, -0.118273, 0.0634893, -0.127101, 0.978842, -0.160353, -0.0185803, -0.988528, 0.19526)
bind/29/name = &"DEF_pinky.R.002"
bind/29/bone = -1
bind/29/pose = Transform3D(0.037794, -0.230536, -0.972329, -0.98542, -0.170126, 0.00203346, -0.165887, 0.958076, -0.233604, 0.0407163, -1.03158, 0.155947)
bind/30/name = &"DEF_pinky.R.003"
bind/30/bone = -1
bind/30/pose = Transform3D(0.0721304, -0.329405, -0.941429, -0.982939, -0.183596, -0.0110707, -0.169196, 0.926166, -0.337028, 0.0416348, -1.05941, 0.150445)
bind/31/name = &"DEF_thumb.R.001"
bind/31/bone = -1
bind/31/pose = Transform3D(-0.293314, 0.931452, -0.215322, -0.668751, -0.0389552, 0.742465, 0.683183, 0.361772, 0.634336, 0.0683324, -0.689906, 0.60984)
bind/32/name = &"DEF_thumb.R.002"
bind/32/bone = -1
bind/32/pose = Transform3D(-0.166961, 0.948419, -0.269493, -0.902714, -0.0371179, 0.428637, 0.396524, 0.31484, 0.862348, 0.197653, -0.905354, 0.294067)
bind/33/name = &"DEF_thumb.R.003"
bind/33/bone = -1
bind/33/pose = Transform3D(-0.108068, 0.978609, -0.17506, -0.992573, -0.0963166, 0.0743101, 0.0558595, 0.18179, 0.98175, 0.2431, -0.982301, -0.094138)

[sub_resource type="Animation" id="Animation_n0s21"]
resource_name = "equip"
length = 0.266667
tracks/0/type = "position_3d"
tracks/0/imported = true
tracks/0/enabled = true
tracks/0/path = NodePath("Armature/Skeleton3D:DEF_bicep.L")
tracks/0/interp = 1
tracks/0/loop_wrap = true
tracks/0/keys = PackedFloat32Array(0, 1, 0.221572, -0.301905, 0.108861)
tracks/1/type = "rotation_3d"
tracks/1/imported = true
tracks/1/enabled = true
tracks/1/path = NodePath("Armature/Skeleton3D:DEF_bicep.L")
tracks/1/interp = 1
tracks/1/loop_wrap = true
tracks/1/keys = PackedFloat32Array(0, 1, 0.0710647, 0.0951281, -0.856602, 0.502128)
tracks/2/type = "rotation_3d"
tracks/2/imported = true
tracks/2/enabled = true
tracks/2/path = NodePath("Armature/Skeleton3D:DEF_forearm.L")
tracks/2/interp = 1
tracks/2/loop_wrap = true
tracks/2/keys = PackedFloat32Array(0, 1, 0.445337, 0.141052, -0.055019, 0.882469)
tracks/3/type = "position_3d"
tracks/3/imported = true
tracks/3/enabled = true
tracks/3/path = NodePath("Armature/Skeleton3D:DEF_bicep.R")
tracks/3/interp = 1
tracks/3/loop_wrap = true
tracks/3/keys = PackedFloat32Array(0, 1, -0.221572, -0.301905, 0.108861)
tracks/4/type = "rotation_3d"
tracks/4/imported = true
tracks/4/enabled = true
tracks/4/path = NodePath("Armature/Skeleton3D:DEF_bicep.R")
tracks/4/interp = 1
tracks/4/loop_wrap = true
tracks/4/keys = PackedFloat32Array(0, 1, 0.0442663, -0.00847493, 0.82017, 0.570342, 0.0333333, 1, 0.032239, -0.0309264, 0.814461, 0.578496, 0.0666667, 1, 0.0303566, -0.0510822, 0.815249, 0.576054, 0.1, 1, 0.079136, -0.00600961, 0.804683, 0.588376, 0.133333, 1, 0.141014, 0.0673317, 0.752131, 0.640219, 0.166667, 1, 0.164987, 0.0980449, 0.718209, 0.668837, 0.2, 1, 0.163542, 0.0940377, 0.725641, 0.661707, 0.233333, 1, 0.150896, 0.0755854, 0.748493, 0.641307, 0.266667, 1, 0.142607, 0.0642591, 0.76031, 0.630447)
tracks/5/type = "rotation_3d"
tracks/5/imported = true
tracks/5/enabled = true
tracks/5/path = NodePath("Armature/Skeleton3D:DEF_forearm.R")
tracks/5/interp = 1
tracks/5/loop_wrap = true
tracks/5/keys = PackedFloat32Array(0, 1, 0.538997, -0.00540936, 0.184495, 0.821836, 0.0333333, 1, 0.633885, -0.00544416, 0.148304, 0.759056, 0.0666667, 1, 0.781206, -0.00622924, -0.0322254, 0.62341, 0.1, 1, 0.81007, -0.00835809, -0.303656, 0.501507, 0.133333, 1, 0.748198, -0.0112428, -0.486281, 0.451226, 0.166667, 1, 0.716459, -0.0124662, -0.537784, 0.444206, 0.2, 1, 0.728017, -0.012566, -0.524688, 0.441062, 0.233333, 1, 0.754853, -0.0121459, -0.484916, 0.441481, 0.266667, 1, 0.768984, -0.0117853, -0.459802, 0.443968)
tracks/6/type = "position_3d"
tracks/6/imported = true
tracks/6/enabled = true
tracks/6/path = NodePath("Armature/Skeleton3D:DEF_index.L.001")
tracks/6/interp = 1
tracks/6/loop_wrap = true
tracks/6/keys = PackedFloat32Array(0, 1, 0.597573, -0.674648, 0.358712)
tracks/7/type = "rotation_3d"
tracks/7/imported = true
tracks/7/enabled = true
tracks/7/path = NodePath("Armature/Skeleton3D:DEF_index.L.001")
tracks/7/interp = 1
tracks/7/loop_wrap = true
tracks/7/keys = PackedFloat32Array(0, 1, 0.0646448, -0.324474, 0.773248, 0.540949)
tracks/8/type = "rotation_3d"
tracks/8/imported = true
tracks/8/enabled = true
tracks/8/path = NodePath("Armature/Skeleton3D:DEF_index.L.002")
tracks/8/interp = 1
tracks/8/loop_wrap = true
tracks/8/keys = PackedFloat32Array(0, 1, -0.699827, 0.00596603, -0.00326205, 0.71428)
tracks/9/type = "rotation_3d"
tracks/9/imported = true
tracks/9/enabled = true
tracks/9/path = NodePath("Armature/Skeleton3D:DEF_index.L.003")
tracks/9/interp = 1
tracks/9/loop_wrap = true
tracks/9/keys = PackedFloat32Array(0, 1, -0.742661, -0.0012047, 0.00120574, 0.669665)
tracks/10/type = "position_3d"
tracks/10/imported = true
tracks/10/enabled = true
tracks/10/path = NodePath("Armature/Skeleton3D:DEF_middle.L.001")
tracks/10/interp = 1
tracks/10/loop_wrap = true
tracks/10/keys = PackedFloat32Array(0, 1, 0.60916, -0.696373, 0.346985)
tracks/11/type = "rotation_3d"
tracks/11/imported = true
tracks/11/enabled = true
tracks/11/path = NodePath("Armature/Skeleton3D:DEF_middle.L.001")
tracks/11/interp = 1
tracks/11/loop_wrap = true
tracks/11/keys = PackedFloat32Array(0, 1, 0.058293, -0.286579, 0.783174, 0.548737)
tracks/12/type = "rotation_3d"
tracks/12/imported = true
tracks/12/enabled = true
tracks/12/path = NodePath("Armature/Skeleton3D:DEF_middle.L.002")
tracks/12/interp = 1
tracks/12/loop_wrap = true
tracks/12/keys = PackedFloat32Array(0, 1, -0.731879, -0.0231149, 0.0276868, 0.68048)
tracks/13/type = "rotation_3d"
tracks/13/imported = true
tracks/13/enabled = true
tracks/13/path = NodePath("Armature/Skeleton3D:DEF_middle.L.003")
tracks/13/interp = 1
tracks/13/loop_wrap = true
tracks/13/keys = PackedFloat32Array(0, 1, -0.750002, 0.0145606, -0.0136475, 0.661134)
tracks/14/type = "position_3d"
tracks/14/imported = true
tracks/14/enabled = true
tracks/14/path = NodePath("Armature/Skeleton3D:DEF_ring.L.001")
tracks/14/interp = 1
tracks/14/loop_wrap = true
tracks/14/keys = PackedFloat32Array(0, 1, 0.62027, -0.717202, 0.335741)
tracks/15/type = "rotation_3d"
tracks/15/imported = true
tracks/15/enabled = true
tracks/15/path = NodePath("Armature/Skeleton3D:DEF_ring.L.001")
tracks/15/interp = 1
tracks/15/loop_wrap = true
tracks/15/keys = PackedFloat32Array(0, 1, 0.0549873, -0.31878, 0.77448, 0.543633)
tracks/16/type = "rotation_3d"
tracks/16/imported = true
tracks/16/enabled = true
tracks/16/path = NodePath("Armature/Skeleton3D:DEF_ring.L.002")
tracks/16/interp = 1
tracks/16/loop_wrap = true
tracks/16/keys = PackedFloat32Array(0, 1, -0.720581, -0.00352718, 0.00388637, 0.693351)
tracks/17/type = "rotation_3d"
tracks/17/imported = true
tracks/17/enabled = true
tracks/17/path = NodePath("Armature/Skeleton3D:DEF_ring.L.003")
tracks/17/interp = 1
tracks/17/loop_wrap = true
tracks/17/keys = PackedFloat32Array(0, 1, -0.718607, 0.00528457, -0.00517861, 0.695377)
tracks/18/type = "position_3d"
tracks/18/imported = true
tracks/18/enabled = true
tracks/18/path = NodePath("Armature/Skeleton3D:DEF_pinky.L.001")
tracks/18/interp = 1
tracks/18/loop_wrap = true
tracks/18/keys = PackedFloat32Array(0, 1, 0.631719, -0.738669, 0.324153)
tracks/19/type = "rotation_3d"
tracks/19/imported = true
tracks/19/enabled = true
tracks/19/path = NodePath("Armature/Skeleton3D:DEF_pinky.L.001")
tracks/19/interp = 1
tracks/19/loop_wrap = true
tracks/19/keys = PackedFloat32Array(0, 1, 0.0414525, -0.329511, 0.722919, 0.605881)
tracks/20/type = "rotation_3d"
tracks/20/imported = true
tracks/20/enabled = true
tracks/20/path = NodePath("Armature/Skeleton3D:DEF_pinky.L.002")
tracks/20/interp = 1
tracks/20/loop_wrap = true
tracks/20/keys = PackedFloat32Array(0, 1, -0.71185, -0.0518435, -0.00134994, 0.700415)
tracks/21/type = "rotation_3d"
tracks/21/imported = true
tracks/21/enabled = true
tracks/21/path = NodePath("Armature/Skeleton3D:DEF_pinky.L.003")
tracks/21/interp = 1
tracks/21/loop_wrap = true
tracks/21/keys = PackedFloat32Array(0, 1, -0.70129, -0.0443304, -0.0318128, 0.710785)
tracks/22/type = "position_3d"
tracks/22/imported = true
tracks/22/enabled = true
tracks/22/path = NodePath("Armature/Skeleton3D:DEF_thumb.L.001")
tracks/22/interp = 1
tracks/22/loop_wrap = true
tracks/22/keys = PackedFloat32Array(0, 1, 0.626982, -0.63327, 0.273825)
tracks/23/type = "rotation_3d"
tracks/23/imported = true
tracks/23/enabled = true
tracks/23/path = NodePath("Armature/Skeleton3D:DEF_thumb.L.001")
tracks/23/interp = 1
tracks/23/loop_wrap = true
tracks/23/keys = PackedFloat32Array(0, 1, -0.35915, 0.65898, 0.612231, 0.248858)
tracks/24/type = "rotation_3d"
tracks/24/imported = true
tracks/24/enabled = true
tracks/24/path = NodePath("Armature/Skeleton3D:DEF_thumb.L.002")
tracks/24/interp = 1
tracks/24/loop_wrap = true
tracks/24/keys = PackedFloat32Array(0, 1, -0.757689, -0.0464256, -0.00973817, 0.650889)
tracks/25/type = "rotation_3d"
tracks/25/imported = true
tracks/25/enabled = true
tracks/25/path = NodePath("Armature/Skeleton3D:DEF_thumb.L.003")
tracks/25/interp = 1
tracks/25/loop_wrap = true
tracks/25/keys = PackedFloat32Array(0, 1, -0.551317, 0.0439026, 0.0373755, 0.832301)
tracks/26/type = "position_3d"
tracks/26/imported = true
tracks/26/enabled = true
tracks/26/path = NodePath("Armature/Skeleton3D:DEF_index.R.001")
tracks/26/interp = 1
tracks/26/loop_wrap = true
tracks/26/keys = PackedFloat32Array(0, 1, -0.52367, -0.498287, 0.432566, 0.0333333, 1, -0.496178, -0.460306, 0.432566, 0.0666667, 1, -0.431363, -0.371205, 0.432566, 0.1, 1, -0.355712, -0.268242, 0.432566, 0.133333, 1, -0.295713, -0.188679, 0.432566, 0.166667, 1, -0.270831, -0.159664, 0.432566, 0.2, 1, -0.272437, -0.167909, 0.432566, 0.233333, 1, -0.284878, -0.190016, 0.432566, 0.266667, 1, -0.292504, -0.202584, 0.432566)
tracks/27/type = "rotation_3d"
tracks/27/imported = true
tracks/27/enabled = true
tracks/27/path = NodePath("Armature/Skeleton3D:DEF_index.R.001")
tracks/27/interp = 1
tracks/27/loop_wrap = true
tracks/27/keys = PackedFloat32Array(0, 1, -0.23269, -0.0638418, -0.923124, 0.29937)
tracks/28/type = "rotation_3d"
tracks/28/imported = true
tracks/28/enabled = true
tracks/28/path = NodePath("Armature/Skeleton3D:DEF_index.R.002")
tracks/28/interp = 1
tracks/28/loop_wrap = true
tracks/28/keys = PackedFloat32Array(0, 1, -0.675532, -0.00585354, 0.00346, 0.7373)
tracks/29/type = "rotation_3d"
tracks/29/imported = true
tracks/29/enabled = true
tracks/29/path = NodePath("Armature/Skeleton3D:DEF_index.R.003")
tracks/29/interp = 1
tracks/29/loop_wrap = true
tracks/29/keys = PackedFloat32Array(0, 1, -0.719835, 0.00116357, -0.00124536, 0.694143)
tracks/30/type = "position_3d"
tracks/30/imported = true
tracks/30/enabled = true
tracks/30/path = NodePath("Armature/Skeleton3D:DEF_middle.R.001")
tracks/30/interp = 1
tracks/30/loop_wrap = true
tracks/30/keys = PackedFloat32Array(0, 1, -0.543318, -0.511911, 0.445684, 0.0333333, 1, -0.515827, -0.47393, 0.445684, 0.0666667, 1, -0.451011, -0.384829, 0.445684, 0.1, 1, -0.37536, -0.281866, 0.445684, 0.133333, 1, -0.315361, -0.202303, 0.445684, 0.166667, 1, -0.290479, -0.173288, 0.445684, 0.2, 1, -0.292085, -0.181533, 0.445684, 0.233333, 1, -0.304527, -0.20364, 0.445684, 0.266667, 1, -0.312152, -0.216208, 0.445684)
tracks/31/type = "rotation_3d"
tracks/31/imported = true
tracks/31/enabled = true
tracks/31/path = NodePath("Armature/Skeleton3D:DEF_middle.R.001")
tracks/31/interp = 1
tracks/31/loop_wrap = true
tracks/31/keys = PackedFloat32Array(0, 1, -0.25039, -0.0980049, -0.913041, 0.306684)
tracks/32/type = "rotation_3d"
tracks/32/imported = true
tracks/32/enabled = true
tracks/32/path = NodePath("Armature/Skeleton3D:DEF_middle.R.002")
tracks/32/interp = 1
tracks/32/loop_wrap = true
tracks/32/keys = PackedFloat32Array(0, 1, -0.708697, 0.0221754, -0.0284448, 0.70459)
tracks/33/type = "rotation_3d"
tracks/33/imported = true
tracks/33/enabled = true
tracks/33/path = NodePath("Armature/Skeleton3D:DEF_middle.R.003")
tracks/33/interp = 1
tracks/33/loop_wrap = true
tracks/33/keys = PackedFloat32Array(0, 1, -0.727457, -0.0140957, 0.0141272, 0.685863)
tracks/34/type = "position_3d"
tracks/34/imported = true
tracks/34/enabled = true
tracks/34/path = NodePath("Armature/Skeleton3D:DEF_ring.R.001")
tracks/34/interp = 1
tracks/34/loop_wrap = true
tracks/34/keys = PackedFloat32Array(0, 1, -0.562156, -0.524973, 0.458261, 0.0333333, 1, -0.534665, -0.486993, 0.458261, 0.0666667, 1, -0.46985, -0.397891, 0.458261, 0.1, 1, -0.394199, -0.294929, 0.458261, 0.133333, 1, -0.3342, -0.215365, 0.458261, 0.166667, 1, -0.309318, -0.186351, 0.458261, 0.2, 1, -0.310923, -0.194596, 0.458261, 0.233333, 1, -0.323365, -0.216702, 0.458261, 0.266667, 1, -0.33099, -0.229271, 0.458261)
tracks/35/type = "rotation_3d"
tracks/35/imported = true
tracks/35/enabled = true
tracks/35/path = NodePath("Armature/Skeleton3D:DEF_ring.R.001")
tracks/35/interp = 1
tracks/35/loop_wrap = true
tracks/35/keys = PackedFloat32Array(0, 1, -0.243489, -0.0668858, -0.920584, 0.297934)
tracks/36/type = "rotation_3d"
tracks/36/imported = true
tracks/36/enabled = true
tracks/36/path = NodePath("Armature/Skeleton3D:DEF_ring.R.002")
tracks/36/interp = 1
tracks/36/loop_wrap = true
tracks/36/keys = PackedFloat32Array(0, 1, -0.696974, 0.00339506, -0.00400216, 0.717077)
tracks/37/type = "rotation_3d"
tracks/37/imported = true
tracks/37/enabled = true
tracks/37/path = NodePath("Armature/Skeleton3D:DEF_ring.R.003")
tracks/37/interp = 1
tracks/37/loop_wrap = true
tracks/37/keys = PackedFloat32Array(0, 1, -0.694934, -0.00510843, 0.00535266, 0.719035)
tracks/38/type = "position_3d"
tracks/38/imported = true
tracks/38/enabled = true
tracks/38/path = NodePath("Armature/Skeleton3D:DEF_pinky.R.001")
tracks/38/interp = 1
tracks/38/loop_wrap = true
tracks/38/keys = PackedFloat32Array(0, 1, -0.581572, -0.538436, 0.471223, 0.0333333, 1, -0.55408, -0.500455, 0.471223, 0.0666667, 1, -0.489265, -0.411354, 0.471223, 0.1, 1, -0.413614, -0.308391, 0.471223, 0.133333, 1, -0.353615, -0.228828, 0.471223, 0.166667, 1, -0.328733, -0.199813, 0.471223, 0.2, 1, -0.330338, -0.208058, 0.471223, 0.233333, 1, -0.34278, -0.230165, 0.471223, 0.266667, 1, -0.350406, -0.242733, 0.471223)
tracks/39/type = "rotation_3d"
tracks/39/imported = true
tracks/39/enabled = true
tracks/39/path = NodePath("Armature/Skeleton3D:DEF_pinky.R.001")
tracks/39/interp = 1
tracks/39/loop_wrap = true
tracks/39/keys = PackedFloat32Array(0, 1, -0.2736, -0.0212829, -0.894079, 0.353996)
tracks/40/type = "rotation_3d"
tracks/40/imported = true
tracks/40/enabled = true
tracks/40/path = NodePath("Armature/Skeleton3D:DEF_pinky.R.002")
tracks/40/interp = 1
tracks/40/loop_wrap = true
tracks/40/keys = PackedFloat32Array(0, 1, -0.688012, 0.0518596, -0.00038572, 0.723844)
tracks/41/type = "rotation_3d"
tracks/41/imported = true
tracks/41/enabled = true
tracks/41/path = NodePath("Armature/Skeleton3D:DEF_pinky.R.003")
tracks/41/interp = 1
tracks/41/loop_wrap = true
tracks/41/keys = PackedFloat32Array(0, 1, -0.677111, 0.0453701, 0.0303115, 0.733855)
tracks/42/type = "position_3d"
tracks/42/imported = true
tracks/42/enabled = true
tracks/42/path = NodePath("Armature/Skeleton3D:DEF_thumb.R.001")
tracks/42/interp = 1
tracks/42/loop_wrap = true
tracks/42/keys = PackedFloat32Array(0, 1, -0.576525, -0.529019, 0.354817, 0.0333333, 1, -0.549033, -0.491038, 0.354817, 0.0666667, 1, -0.484218, -0.401937, 0.354817, 0.1, 1, -0.408567, -0.298974, 0.354817, 0.133333, 1, -0.348568, -0.219411, 0.354818, 0.166667, 1, -0.323686, -0.190396, 0.354818, 0.2, 1, -0.325291, -0.198641, 0.354818, 0.233333, 1, -0.337733, -0.220748, 0.354817, 0.266667, 1, -0.345359, -0.233316, 0.354818)
tracks/43/type = "rotation_3d"
tracks/43/imported = true
tracks/43/enabled = true
tracks/43/path = NodePath("Armature/Skeleton3D:DEF_thumb.R.001")
tracks/43/interp = 1
tracks/43/loop_wrap = true
tracks/43/keys = PackedFloat32Array(0, 1, -0.553442, -0.779973, -0.196008, 0.21662)
tracks/44/type = "rotation_3d"
tracks/44/imported = true
tracks/44/enabled = true
tracks/44/path = NodePath("Armature/Skeleton3D:DEF_thumb.R.002")
tracks/44/interp = 1
tracks/44/loop_wrap = true
tracks/44/keys = PackedFloat32Array(0, 1, -0.417411, 0.0623602, 0.155952, 0.893061)
tracks/45/type = "rotation_3d"
tracks/45/imported = true
tracks/45/enabled = true
tracks/45/path = NodePath("Armature/Skeleton3D:DEF_thumb.R.003")
tracks/45/interp = 1
tracks/45/loop_wrap = true
tracks/45/keys = PackedFloat32Array(0, 1, -0.518979, -0.143779, 0.0576517, 0.840634)

[sub_resource type="Animation" id="Animation_bxwyo"]
resource_name = "equip_ak"
length = 0.266667
tracks/0/type = "position_3d"
tracks/0/imported = true
tracks/0/enabled = true
tracks/0/path = NodePath("Armature/Skeleton3D:DEF_bicep.L")
tracks/0/interp = 1
tracks/0/loop_wrap = true
tracks/0/keys = PackedFloat32Array(0, 1, 0.221572, -0.301905, 0.108861, 0.0333333, 1, 0.215792, -0.306615, 0.115132, 0.0666667, 1, 0.200553, -0.319032, 0.131666, 0.1, 1, 0.179009, -0.336588, 0.155041, 0.166667, 1, 0.129615, -0.376837, 0.208633, 0.2, 1, 0.108071, -0.394393, 0.232008, 0.233333, 1, 0.0928319, -0.40681, 0.248542, 0.266667, 1, 0.0870517, -0.41152, 0.254813)
tracks/1/type = "rotation_3d"
tracks/1/imported = true
tracks/1/enabled = true
tracks/1/path = NodePath("Armature/Skeleton3D:DEF_bicep.L")
tracks/1/interp = 1
tracks/1/loop_wrap = true
tracks/1/keys = PackedFloat32Array(0, 1, 0.0710647, 0.0951281, -0.856602, 0.502128, 0.0333333, 1, 0.05406, 0.110199, -0.851985, 0.508975, 0.0666667, 1, 0.0282207, 0.114512, -0.851912, 0.510232, 0.1, 1, 0.0366478, 0.0464663, -0.868895, 0.491446, 0.133333, 1, 0.0989232, -0.140302, -0.883903, 0.435023, 0.166667, 1, 0.170785, -0.369808, -0.856487, 0.317026, 0.2, 1, 0.204435, -0.530128, -0.805684, 0.167463, 0.233333, 1, 0.211386, -0.617308, -0.756545, 0.043425, 0.266667, 1, -0.210848, 0.646854, 0.732854, 0.0068581)
tracks/2/type = "rotation_3d"
tracks/2/imported = true
tracks/2/enabled = true
tracks/2/path = NodePath("Armature/Skeleton3D:DEF_forearm.L")
tracks/2/interp = 1
tracks/2/loop_wrap = true
tracks/2/keys = PackedFloat32Array(0, 1, 0.445337, 0.141052, -0.0550189, 0.882469, 0.0333333, 1, 0.534664, 0.128239, -0.0550215, 0.833464, 0.0666667, 1, 0.69477, 0.0973532, -0.0390752, 0.711541, 0.1, 1, 0.820134, 0.0594146, -0.00847968, 0.569016, 0.133333, 1, 0.872911, 0.0346988, 0.0188771, 0.486277, 0.166667, 1, 0.846475, 0.037719, 0.0207746, 0.530684, 0.2, 1, 0.753043, 0.072749, 0.00549442, 0.653914, 0.233333, 1, 0.631682, 0.114711, -0.00743771, 0.766658, 0.266667, 1, 0.567249, 0.133399, -0.0113434, 0.812592)
tracks/3/type = "position_3d"
tracks/3/imported = true
tracks/3/enabled = true
tracks/3/path = NodePath("Armature/Skeleton3D:DEF_bicep.R")
tracks/3/interp = 1
tracks/3/loop_wrap = true
tracks/3/keys = PackedFloat32Array(0, 1, -0.221572, -0.301905, 0.108861, 0.0333333, 1, -0.221572, -0.301905, 0.104353, 0.0666667, 1, -0.221572, -0.301905, 0.0924678, 0.1, 1, -0.221572, -0.301905, 0.0756649, 0.166667, 1, -0.221572, -0.301905, 0.0371412, 0.2, 1, -0.221572, -0.301905, 0.0203383, 0.233333, 1, -0.221572, -0.301905, 0.00845331, 0.266667, 1, -0.221572, -0.301905, 0.00394521)
tracks/4/type = "rotation_3d"
tracks/4/imported = true
tracks/4/enabled = true
tracks/4/path = NodePath("Armature/Skeleton3D:DEF_bicep.R")
tracks/4/interp = 1
tracks/4/loop_wrap = true
tracks/4/keys = PackedFloat32Array(0, 1, 0.0442663, -0.00847493, 0.82017, 0.570342, 0.0333333, 1, 0.0333536, -0.0286939, 0.814215, 0.578895, 0.0666667, 1, 0.0354908, -0.0414193, 0.812985, 0.579724, 0.1, 1, 0.0918433, 0.013609, 0.795351, 0.598997, 0.133333, 1, 0.172385, 0.102233, 0.735159, 0.64759, 0.166667, 1, 0.2379, 0.17107, 0.687865, 0.664064, 0.2, 1, 0.285807, 0.218526, 0.675977, 0.64313, 0.233333, 1, 0.314575, 0.247595, 0.682778, 0.61119, 0.266667, 1, 0.324115, 0.257725, 0.688737, 0.595122)
tracks/5/type = "rotation_3d"
tracks/5/imported = true
tracks/5/enabled = true
tracks/5/path = NodePath("Armature/Skeleton3D:DEF_forearm.R")
tracks/5/interp = 1
tracks/5/loop_wrap = true
tracks/5/keys = PackedFloat32Array(0, 1, 0.538997, -0.00540936, 0.184495, 0.821836, 0.0333333, 1, 0.628537, -0.00542067, 0.141814, 0.764723, 0.0666667, 1, 0.763054, -0.00606684, -0.0439123, 0.644813, 0.1, 1, 0.785465, -0.00790778, -0.288067, 0.547722, 0.133333, 1, 0.741448, -0.0108727, -0.414162, 0.527832, 0.166667, 1, 0.725562, -0.013737, -0.399655, 0.560042, 0.2, 1, 0.726074, -0.0161443, -0.323854, 0.606361, 0.233333, 1, 0.718651, -0.0177997, -0.245813, 0.65023, 0.266667, 1, 0.711159, -0.0183898, -0.211069, 0.670347)
tracks/6/type = "position_3d"
tracks/6/imported = true
tracks/6/enabled = true
tracks/6/path = NodePath("Armature/Skeleton3D:DEF_index.L.001")
tracks/6/interp = 1
tracks/6/loop_wrap = true
tracks/6/keys = PackedFloat32Array(0, 1, 0.597573, -0.674648, 0.358712, 0.0333333, 1, 0.560685, -0.660813, 0.375702, 0.0666667, 1, 0.462327, -0.623382, 0.419496, 0.1, 1, 0.32108, -0.566741, 0.479122, 0.166667, 1, -0.00147133, -0.413454, 0.612712, 0.2, 1, -0.136302, -0.338642, 0.673987, 0.233333, 1, -0.228912, -0.284937, 0.719257, 0.266667, 1, -0.263508, -0.264611, 0.736836)
tracks/7/type = "rotation_3d"
tracks/7/imported = true
tracks/7/enabled = true
tracks/7/path = NodePath("Armature/Skeleton3D:DEF_index.L.001")
tracks/7/interp = 1
tracks/7/loop_wrap = true
tracks/7/keys = PackedFloat32Array(0, 1, 0.0646448, -0.324474, 0.773248, 0.540949, 0.0333333, 1, 0.0630434, -0.345766, 0.750211, 0.560049, 0.0666667, 1, 0.058085, -0.403108, 0.680018, 0.609677, 0.1, 1, 0.0491799, -0.483353, 0.556959, 0.673608, 0.133333, 1, 0.0365555, -0.56459, 0.386813, 0.728202, 0.166667, 1, 0.0225168, -0.623983, 0.2017, 0.754623, 0.2, 1, 0.0103994, -0.654618, 0.0446529, 0.754568, 0.233333, 1, 0.00243027, -0.66546, -0.0573984, 0.74422, 0.266667, 1, -0.000410889, -0.6676, -0.0935568, 0.738618)
tracks/8/type = "rotation_3d"
tracks/8/imported = true
tracks/8/enabled = true
tracks/8/path = NodePath("Armature/Skeleton3D:DEF_index.L.002")
tracks/8/interp = 1
tracks/8/loop_wrap = true
tracks/8/keys = PackedFloat32Array(0, 1, -0.699827, 0.00596603, -0.00326205, 0.71428)
tracks/9/type = "rotation_3d"
tracks/9/imported = true
tracks/9/enabled = true
tracks/9/path = NodePath("Armature/Skeleton3D:DEF_index.L.003")
tracks/9/interp = 1
tracks/9/loop_wrap = true
tracks/9/keys = PackedFloat32Array(0, 1, -0.742661, -0.0012047, 0.00120574, 0.669665)
tracks/10/type = "position_3d"
tracks/10/imported = true
tracks/10/enabled = true
tracks/10/path = NodePath("Armature/Skeleton3D:DEF_middle.L.001")
tracks/10/interp = 1
tracks/10/loop_wrap = true
tracks/10/keys = PackedFloat32Array(0, 1, 0.60916, -0.696373, 0.346985, 0.0333333, 1, 0.571126, -0.682648, 0.363135, 0.0666667, 1, 0.469588, -0.644974, 0.404502, 0.1, 1, 0.323802, -0.586367, 0.460383, 0.166667, 1, -0.00538806, -0.42171, 0.587017, 0.2, 1, -0.140382, -0.340811, 0.647109, 0.233333, 1, -0.232254, -0.283169, 0.692249, 0.266667, 1, -0.266433, -0.261482, 0.709903)
tracks/11/type = "rotation_3d"
tracks/11/imported = true
tracks/11/enabled = true
tracks/11/path = NodePath("Armature/Skeleton3D:DEF_middle.L.001")
tracks/11/interp = 1
tracks/11/loop_wrap = true
tracks/11/keys = PackedFloat32Array(0, 1, 0.058293, -0.286579, 0.783174, 0.548737, 0.0333333, 1, 0.0579195, -0.307968, 0.760699, 0.568453, 0.0666667, 1, 0.0564496, -0.365856, 0.692009, 0.619747, 0.1, 1, 0.0529796, -0.447735, 0.571023, 0.686046, 0.133333, 1, 0.0468731, -0.532222, 0.40292, 0.743101, 0.166667, 1, 0.0389535, -0.596117, 0.219229, 0.771405, 0.2, 1, 0.0313648, -0.63123, 0.0628388, 0.772409, 0.233333, 1, 0.0260344, -0.645284, -0.0390361, 0.762501, 0.266667, 1, 0.0240709, -0.648619, -0.0751792, 0.757008)
tracks/12/type = "rotation_3d"
tracks/12/imported = true
tracks/12/enabled = true
tracks/12/path = NodePath("Armature/Skeleton3D:DEF_middle.L.002")
tracks/12/interp = 1
tracks/12/loop_wrap = true
tracks/12/keys = PackedFloat32Array(0, 1, -0.731879, -0.0231149, 0.0276868, 0.68048)
tracks/13/type = "rotation_3d"
tracks/13/imported = true
tracks/13/enabled = true
tracks/13/path = NodePath("Armature/Skeleton3D:DEF_middle.L.003")
tracks/13/interp = 1
tracks/13/loop_wrap = true
tracks/13/keys = PackedFloat32Array(0, 1, -0.750002, 0.0145606, -0.0136475, 0.661134)
tracks/14/type = "position_3d"
tracks/14/imported = true
tracks/14/enabled = true
tracks/14/path = NodePath("Armature/Skeleton3D:DEF_ring.L.001")
tracks/14/interp = 1
tracks/14/loop_wrap = true
tracks/14/keys = PackedFloat32Array(0, 1, 0.62027, -0.717202, 0.335741, 0.0333333, 1, 0.581136, -0.703584, 0.351085, 0.0666667, 1, 0.476549, -0.665676, 0.390126, 0.1, 1, 0.326411, -0.605184, 0.442417, 0.166667, 1, -0.00914335, -0.429626, 0.562381, 0.2, 1, -0.144295, -0.342889, 0.62134, 0.233333, 1, -0.235457, -0.281474, 0.666354, 0.266667, 1, -0.269238, -0.258481, 0.68408)
tracks/15/type = "rotation_3d"
tracks/15/imported = true
tracks/15/enabled = true
tracks/15/path = NodePath("Armature/Skeleton3D:DEF_ring.L.001")
tracks/15/interp = 1
tracks/15/loop_wrap = true
tracks/15/keys = PackedFloat32Array(0, 1, 0.0549873, -0.31878, 0.77448, 0.543633, 0.0333333, 1, 0.0536107, -0.339835, 0.751439, 0.563007, 0.0666667, 1, 0.0493524, -0.396554, 0.681227, 0.613383, 0.1, 1, 0.0417159, -0.475973, 0.558113, 0.678394, 0.133333, 1, 0.0309059, -0.556458, 0.387859, 0.734142, 0.166667, 1, 0.0189005, -0.615414, 0.202598, 0.761487, 0.2, 1, 0.00854818, -0.645939, 0.0454034, 0.76199, 0.233333, 1, 0.00174446, -0.656827, -0.0567531, 0.751901, 0.266667, 1, -0.00068031, -0.659006, -0.0929507, 0.746372)
tracks/16/type = "rotation_3d"
tracks/16/imported = true
tracks/16/enabled = true
tracks/16/path = NodePath("Armature/Skeleton3D:DEF_ring.L.002")
tracks/16/interp = 1
tracks/16/loop_wrap = true
tracks/16/keys = PackedFloat32Array(0, 1, -0.720581, -0.00352718, 0.00388637, 0.693351)
tracks/17/type = "rotation_3d"
tracks/17/imported = true
tracks/17/enabled = true
tracks/17/path = NodePath("Armature/Skeleton3D:DEF_ring.L.003")
tracks/17/interp = 1
tracks/17/loop_wrap = true
tracks/17/keys = PackedFloat32Array(0, 1, -0.718607, 0.00528457, -0.00517861, 0.695377)
tracks/18/type = "position_3d"
tracks/18/imported = true
tracks/18/enabled = true
tracks/18/path = NodePath("Armature/Skeleton3D:DEF_pinky.L.001")
tracks/18/interp = 1
tracks/18/loop_wrap = true
tracks/18/keys = PackedFloat32Array(0, 1, 0.631719, -0.738669, 0.324153, 0.0333333, 1, 0.591452, -0.725161, 0.338667, 0.0666667, 1, 0.483724, -0.687012, 0.37531, 0.1, 1, 0.329101, -0.624578, 0.4239, 0.166667, 1, -0.0130136, -0.437784, 0.536991, 0.2, 1, -0.148327, -0.345032, 0.594781, 0.233333, 1, -0.238759, -0.279726, 0.639666, 0.266667, 1, -0.272128, -0.255389, 0.657466)
tracks/19/type = "rotation_3d"
tracks/19/imported = true
tracks/19/enabled = true
tracks/19/path = NodePath("Armature/Skeleton3D:DEF_pinky.L.001")
tracks/19/interp = 1
tracks/19/loop_wrap = true
tracks/19/keys = PackedFloat32Array(0, 1, 0.0414525, -0.329511, 0.722919, 0.605881, 0.0333333, 1, 0.0413931, -0.349355, 0.697797, 0.623953, 0.0666667, 1, 0.0409265, -0.402598, 0.622124, 0.670225, 0.1, 1, 0.0393378, -0.476509, 0.491806, 0.727681, 0.133333, 1, 0.0360128, -0.550234, 0.315062, 0.772452, 0.166667, 1, 0.0312945, -0.602671, 0.126129, 0.787337, 0.2, 1, 0.0265415, -0.628233, -0.0318729, 0.776919, 0.233333, 1, 0.0231085, -0.636158, -0.133495, 0.759571, 0.266667, 1, 0.0218278, -0.637337, -0.169304, 0.751439)
tracks/20/type = "rotation_3d"
tracks/20/imported = true
tracks/20/enabled = true
tracks/20/path = NodePath("Armature/Skeleton3D:DEF_pinky.L.002")
tracks/20/interp = 1
tracks/20/loop_wrap = true
tracks/20/keys = PackedFloat32Array(0, 1, -0.71185, -0.0518435, -0.00134994, 0.700415)
tracks/21/type = "rotation_3d"
tracks/21/imported = true
tracks/21/enabled = true
tracks/21/path = NodePath("Armature/Skeleton3D:DEF_pinky.L.003")
tracks/21/interp = 1
tracks/21/loop_wrap = true
tracks/21/keys = PackedFloat32Array(0, 1, -0.70129, -0.0443304, -0.0318128, 0.710785)
tracks/22/type = "position_3d"
tracks/22/imported = true
tracks/22/enabled = true
tracks/22/path = NodePath("Armature/Skeleton3D:DEF_thumb.L.001")
tracks/22/interp = 1
tracks/22/loop_wrap = true
tracks/22/keys = PackedFloat32Array(0, 1, 0.626982, -0.63327, 0.273825, 0.0333333, 1, 0.593411, -0.617582, 0.292979, 0.0666667, 1, 0.504742, -0.576536, 0.343408, 0.1, 1, 0.378764, -0.519188, 0.414359, 0.166667, 1, 0.0861003, -0.38826, 0.574249, 0.2, 1, -0.042829, -0.329993, 0.642827, 0.233333, 1, -0.13414, -0.288124, 0.691132, 0.266667, 1, -0.168766, -0.272109, 0.709438)
tracks/23/type = "rotation_3d"
tracks/23/imported = true
tracks/23/enabled = true
tracks/23/path = NodePath("Armature/Skeleton3D:DEF_thumb.L.001")
tracks/23/interp = 1
tracks/23/loop_wrap = true
tracks/23/keys = PackedFloat32Array(0, 1, -0.35915, 0.65898, 0.612231, 0.248858, 0.0333333, 1, -0.337382, 0.654365, 0.617138, 0.277706, 0.0666667, 1, -0.273749, 0.636646, 0.626459, 0.35678, 0.1, 1, -0.169444, 0.595744, 0.627634, 0.471651, 0.166667, 1, 0.099133, 0.433508, 0.562962, 0.696647, 0.2, 1, 0.206589, 0.346494, 0.510797, 0.759177, 0.233333, 1, 0.273174, 0.285554, 0.47012, 0.789191, 0.266667, 1, 0.296158, 0.263137, 0.454437, 0.797833)
tracks/24/type = "rotation_3d"
tracks/24/imported = true
tracks/24/enabled = true
tracks/24/path = NodePath("Armature/Skeleton3D:DEF_thumb.L.002")
tracks/24/interp = 1
tracks/24/loop_wrap = true
tracks/24/keys = PackedFloat32Array(0, 1, -0.757689, -0.0464256, -0.00973817, 0.650889)
tracks/25/type = "rotation_3d"
tracks/25/imported = true
tracks/25/enabled = true
tracks/25/path = NodePath("Armature/Skeleton3D:DEF_thumb.L.003")
tracks/25/interp = 1
tracks/25/loop_wrap = true
tracks/25/keys = PackedFloat32Array(0, 1, -0.551317, 0.0439026, 0.0373755, 0.832301)
tracks/26/type = "position_3d"
tracks/26/imported = true
tracks/26/enabled = true
tracks/26/path = NodePath("Armature/Skeleton3D:DEF_index.R.001")
tracks/26/interp = 1
tracks/26/loop_wrap = true
tracks/26/keys = PackedFloat32Array(0, 1, -0.589691, -0.595733, 0.464085, 0.0333333, 1, -0.55573, -0.5443, 0.464436, 0.0666667, 1, -0.472621, -0.423829, 0.458048, 0.1, 1, -0.374691, -0.28858, 0.441142, 0.133333, 1, -0.295713, -0.188679, 0.432566, 0.166667, 1, -0.255346, -0.155237, 0.453115, 0.2, 1, -0.246209, -0.17711, 0.491591, 0.233333, 1, -0.250064, -0.224923, 0.524969, 0.266667, 1, -0.252932, -0.251878, 0.537941)
tracks/27/type = "rotation_3d"
tracks/27/imported = true
tracks/27/enabled = true
tracks/27/path = NodePath("Armature/Skeleton3D:DEF_index.R.001")
tracks/27/interp = 1
tracks/27/loop_wrap = true
tracks/27/keys = PackedFloat32Array(0, 1, 0.191879, 0.247823, -0.90708, 0.281019, 0.0333333, 1, 0.13381, 0.211086, -0.929066, 0.272716, 0.0666667, 1, -0.00326392, 0.11943, -0.958896, 0.257378, 0.1, 1, -0.14912, 0.0123503, -0.95513, 0.255613, 0.133333, 1, -0.23269, -0.0638418, -0.923124, 0.29937, 0.166667, 1, -0.217287, -0.0840282, -0.88066, 0.412509, 0.2, 1, -0.132827, -0.0633711, -0.818745, 0.554975, 0.233333, 1, -0.036441, -0.0288844, -0.746363, 0.663913, 0.266667, 1, 0.00811561, -0.0111773, -0.710407, 0.703656)
tracks/28/type = "rotation_3d"
tracks/28/imported = true
tracks/28/enabled = true
tracks/28/path = NodePath("Armature/Skeleton3D:DEF_index.R.002")
tracks/28/interp = 1
tracks/28/loop_wrap = true
tracks/28/keys = PackedFloat32Array(0, 1, -0.675532, -0.00585353, 0.00345998, 0.7373)
tracks/29/type = "rotation_3d"
tracks/29/imported = true
tracks/29/enabled = true
tracks/29/path = NodePath("Armature/Skeleton3D:DEF_index.R.003")
tracks/29/interp = 1
tracks/29/loop_wrap = true
tracks/29/keys = PackedFloat32Array(0, 1, -0.719835, 0.00116359, -0.0012454, 0.694143)
tracks/30/type = "position_3d"
tracks/30/imported = true
tracks/30/enabled = true
tracks/30/path = NodePath("Armature/Skeleton3D:DEF_middle.R.001")
tracks/30/interp = 1
tracks/30/loop_wrap = true
tracks/30/keys = PackedFloat32Array(0, 1, -0.611117, -0.606789, 0.45134, 0.0333333, 1, -0.578381, -0.55626, 0.455074, 0.0666667, 1, -0.496565, -0.436848, 0.457078, 0.1, 1, -0.397379, -0.301402, 0.44918, 0.133333, 1, -0.315361, -0.202303, 0.445684, 0.166667, 1, -0.27113, -0.173496, 0.465812, 0.2, 1, -0.256263, -0.20108, 0.499845, 0.233333, 1, -0.253863, -0.25177, 0.527895, 0.266667, 1, -0.253858, -0.27913, 0.538434)
tracks/31/type = "rotation_3d"
tracks/31/imported = true
tracks/31/enabled = true
tracks/31/path = NodePath("Armature/Skeleton3D:DEF_middle.R.001")
tracks/31/interp = 1
tracks/31/loop_wrap = true
tracks/31/keys = PackedFloat32Array(0, 1, 0.174683, 0.213133, -0.918051, 0.285031, 0.0333333, 1, 0.115691, 0.176204, -0.937341, 0.277414, 0.0666667, 1, -0.0228287, 0.0846118, -0.960674, 0.263488, 0.1, 1, -0.168824, -0.021792, -0.949706, 0.262836, 0.133333, 1, -0.25039, -0.0980049, -0.913041, 0.306684, 0.166667, 1, -0.230617, -0.120225, -0.87014, 0.418591, 0.2, 1, -0.140332, -0.102117, -0.810848, 0.558931, 0.233333, 1, -0.0387504, -0.0689725, -0.741931, 0.665793, 0.266667, 1, 0.0079808, -0.0515142, -0.707661, 0.704627)
tracks/32/type = "rotation_3d"
